type,date time,latitude,longitude,accuracy(m),altitude(m),geoid_height(m),speed(m/s),bearing(deg),sat_used,sat_inview,name,desc
T,2022-03-22 12:44:10,12.84214905,77.66055072,4,861.292,,0.000,,32,47,20220322-181410,GPS Logger: 20220322-181410 - rawData2
T,2022-03-22 12:44:11,12.84214390,77.66055099,4,860.804,,0.580,12,32,47,,
T,2022-03-22 12:44:12,12.84213526,77.66055042,4,861.061,,0.960,12,32,47,,
T,2022-03-22 12:44:13,12.84212441,77.66054900,4,861.027,,1.160,191,32,47,,
T,2022-03-22 12:44:14,12.84211487,77.66054723,4,860.879,,0.730,12,32,47,,
T,2022-03-22 12:44:15,12.84210631,77.66054444,4,861.353,,0.950,209,30,46,,
T,2022-03-22 12:44:16,12.84209665,77.66053990,4,861.163,,0.960,209,30,46,,
T,2022-03-22 12:44:17,12.84208704,77.66053676,4,860.327,,0.870,208,31,46,,
T,2022-03-22 12:44:18,12.84207719,77.66053602,4,859.270,,0.860,208,30,47,,
T,2022-03-22 12:44:19,12.84206535,77.66053684,4,859.038,,1.210,182,30,47,,
T,2022-03-22 12:44:20,12.84205379,77.66053753,4,858.878,,0.970,182,30,47,,
T,2022-03-22 12:44:21,12.84204203,77.66053657,4,858.820,,1.220,191,30,47,,
T,2022-03-22 12:44:22,12.84202912,77.66053433,4,859.251,,1.300,191,30,47,,
T,2022-03-22 12:44:23,12.84201728,77.66053193,4,859.205,,1.130,192,30,47,,
T,2022-03-22 12:44:24,12.84200625,77.66052943,4,859.072,,1.070,191,30,47,,
T,2022-03-22 12:44:25,12.84199575,77.66052699,4,858.655,,0.960,195,30,47,,
T,2022-03-22 12:44:26,12.84198513,77.66052599,4,858.606,,1.000,187,30,47,,
T,2022-03-22 12:44:27,12.84197398,77.66052428,4,858.900,,1.210,189,30,47,,
T,2022-03-22 12:44:28,12.84196261,77.66052121,4,858.690,,1.220,193,30,47,,
T,2022-03-22 12:44:29,12.84195222,77.66051825,4,858.625,,1.090,197,30,47,,
T,2022-03-22 12:44:30,12.84194531,77.66051532,4,857.709,,0.450,200,30,47,,
T,2022-03-22 12:44:31,12.84193853,77.66051280,4,857.619,,0.900,200,30,47,,
T,2022-03-22 12:44:32,12.84193002,77.66051074,4,857.766,,0.810,200,30,47,,
T,2022-03-22 12:44:33,12.84192132,77.66051007,4,858.405,,0.940,200,30,47,,
T,2022-03-22 12:44:34,12.84191230,77.66050976,4,858.668,,0.890,200,30,47,,
T,2022-03-22 12:44:35,12.84190197,77.66050864,4,858.760,,1.260,195,30,47,,
T,2022-03-22 12:44:36,12.84189200,77.66050569,4,857.994,,0.930,206,31,47,,
T,2022-03-22 12:44:37,12.84188097,77.66050283,4,858.280,,1.430,196,32,47,,
T,2022-03-22 12:44:38,12.84186986,77.66049964,4,858.040,,1.050,196,31,47,,
T,2022-03-22 12:44:39,12.84186013,77.66049791,4,857.512,,0.930,196,31,47,,
T,2022-03-22 12:44:40,12.84185120,77.66049577,4,857.345,,0.980,208,31,47,,
T,2022-03-22 12:44:41,12.84184130,77.66049314,4,857.246,,1.150,200,31,47,,
T,2022-03-22 12:44:42,12.84183072,77.66049069,4,857.224,,1.120,207,30,47,,
T,2022-03-22 12:44:43,12.84181939,77.66048931,4,857.298,,1.270,207,32,47,,
T,2022-03-22 12:44:44,12.84180833,77.66048751,4,857.598,,1.150,200,32,47,,
T,2022-03-22 12:44:45,12.84179886,77.66048599,4,857.373,,0.960,189,32,47,,
T,2022-03-22 12:44:46,12.84178948,77.66048407,4,857.763,,1.010,198,32,47,,
T,2022-03-22 12:44:47,12.84178021,77.66048205,4,857.836,,0.870,199,32,47,,
T,2022-03-22 12:44:48,12.84177074,77.66047809,4,857.750,,0.940,199,32,47,,
T,2022-03-22 12:44:49,12.84175927,77.66047331,4,858.626,,1.310,197,32,47,,
T,2022-03-22 12:44:50,12.84174682,77.66046927,4,858.824,,1.000,197,34,47,,
T,2022-03-22 12:44:51,12.84173656,77.66046711,4,858.991,,0.780,197,35,47,,
T,2022-03-22 12:44:52,12.84172439,77.66046654,4,858.994,,1.260,180,34,47,,
T,2022-03-22 12:44:53,12.84171111,77.66046833,4,859.747,,1.160,165,35,47,,
T,2022-03-22 12:44:54,12.84169997,77.66047305,4,859.926,,1.130,149,36,47,,
T,2022-03-22 12:44:55,12.84169035,77.66048039,4,859.899,,1.190,133,35,47,,
T,2022-03-22 12:44:56,12.84168146,77.66048858,4,860.281,,1.160,134,35,47,,
T,2022-03-22 12:44:57,12.84167342,77.66049589,4,860.098,,0.920,136,35,47,,
T,2022-03-22 12:44:58,12.84166589,77.66050381,4,860.179,,1.220,125,32,47,,
T,2022-03-22 12:44:59,12.84165795,77.66051255,4,859.763,,1.170,131,31,47,,
T,2022-03-22 12:45:00,12.84165079,77.66052130,4,859.134,,1.070,125,31,47,,
T,2022-03-22 12:45:01,12.84164378,77.66052969,4,859.643,,1.080,132,31,47,,
T,2022-03-22 12:45:02,12.84163620,77.66053852,4,859.557,,1.190,132,31,47,,
T,2022-03-22 12:45:03,12.84162921,77.66054665,4,859.631,,1.000,132,31,47,,
T,2022-03-22 12:45:04,12.84162230,77.66055552,4,859.938,,1.200,132,32,47,,
T,2022-03-22 12:45:05,12.84161436,77.66056515,4,860.106,,1.350,131,31,47,,
T,2022-03-22 12:45:06,12.84160673,77.66057414,4,859.448,,1.020,133,31,47,,
T,2022-03-22 12:45:07,12.84159943,77.66058124,4,859.324,,0.930,133,32,47,,
T,2022-03-22 12:45:08,12.84159143,77.66058872,4,859.387,,1.100,133,33,47,,
T,2022-03-22 12:45:09,12.84158331,77.66059649,4,860.036,,0.980,135,33,47,,
T,2022-03-22 12:45:10,12.84157559,77.66060368,4,860.586,,1.010,135,33,47,,
T,2022-03-22 12:45:11,12.84156747,77.66061200,4,860.347,,1.290,131,33,47,,
T,2022-03-22 12:45:12,12.84156018,77.66061864,4,859.727,,0.880,132,33,47,,
T,2022-03-22 12:45:13,12.84155376,77.66062526,4,859.715,,1.130,127,32,47,,
T,2022-03-22 12:45:14,12.84154825,77.66063213,4,859.588,,0.990,127,32,47,,
T,2022-03-22 12:45:15,12.84154161,77.66063895,4,859.142,,1.110,134,33,47,,
T,2022-03-22 12:45:16,12.84153374,77.66064710,4,859.258,,1.270,131,33,47,,
T,2022-03-22 12:45:17,12.84152546,77.66065406,4,859.257,,1.100,136,33,47,,
T,2022-03-22 12:45:18,12.84151771,77.66066010,4,859.156,,0.990,136,33,47,,
T,2022-03-22 12:45:19,12.84151069,77.66066760,4,859.417,,1.140,130,35,47,,
T,2022-03-22 12:45:20,12.84150450,77.66067563,4,859.209,,0.960,135,35,47,,
T,2022-03-22 12:45:21,12.84149774,77.66068347,4,858.677,,1.250,124,35,47,,
T,2022-03-22 12:45:22,12.84149077,77.66069166,4,858.377,,1.080,126,35,47,,
T,2022-03-22 12:45:23,12.84148464,77.66070012,4,858.364,,1.070,122,35,47,,
T,2022-03-22 12:45:24,12.84147933,77.66070773,4,857.945,,0.890,129,35,47,,
T,2022-03-22 12:45:25,12.84147263,77.66071480,4,857.700,,1.150,129,35,47,,
T,2022-03-22 12:45:26,12.84146478,77.66072230,4,857.402,,1.120,128,37,47,,
T,2022-03-22 12:45:27,12.84145685,77.66073000,4,857.585,,1.200,132,37,47,,
T,2022-03-22 12:45:28,12.84144923,77.66073704,4,857.354,,0.950,128,37,47,,
T,2022-03-22 12:45:29,12.84144130,77.66074305,4,857.183,,1.080,128,36,47,,
T,2022-03-22 12:45:30,12.84143385,77.66074745,4,856.815,,0.720,147,38,47,,
T,2022-03-22 12:45:31,12.84142370,77.66075459,4,856.374,,1.740,147,38,47,,
T,2022-03-22 12:45:32,12.84141151,77.66076469,4,856.424,,1.600,137,36,47,,
T,2022-03-22 12:45:33,12.84140286,77.66077155,4,856.221,,0.850,137,35,47,,
T,2022-03-22 12:45:34,12.84139509,77.66077829,4,856.460,,1.320,128,37,47,,
T,2022-03-22 12:45:35,12.84138643,77.66078603,4,856.528,,1.120,133,37,47,,
T,2022-03-22 12:45:36,12.84137829,77.66079359,4,856.592,,1.180,130,37,47,,
T,2022-03-22 12:45:37,12.84137040,77.66080136,4,856.576,,1.110,135,38,47,,
T,2022-03-22 12:45:38,12.84136271,77.66080870,4,856.725,,1.180,136,38,47,,
T,2022-03-22 12:45:39,12.84135500,77.66081517,4,856.751,,1.000,140,38,47,,
T,2022-03-22 12:45:40,12.84134692,77.66082208,4,856.949,,1.240,141,38,47,,
T,2022-03-22 12:45:41,12.84133891,77.66082992,4,857.151,,1.060,137,38,47,,
T,2022-03-22 12:45:42,12.84133065,77.66083840,4,857.575,,1.270,134,36,47,,
T,2022-03-22 12:45:43,12.84132240,77.66084746,4,857.763,,1.190,137,37,47,,
T,2022-03-22 12:45:44,12.84131378,77.66085644,4,858.023,,1.250,137,37,47,,
T,2022-03-22 12:45:45,12.84130481,77.66086502,4,858.125,,1.260,143,37,47,,
T,2022-03-22 12:45:46,12.84129597,77.66087443,4,858.250,,1.370,137,37,47,,
T,2022-03-22 12:45:47,12.84128675,77.66088310,4,858.165,,1.280,138,37,47,,
T,2022-03-22 12:45:48,12.84127878,77.66089156,4,858.109,,1.120,133,37,47,,
T,2022-03-22 12:45:49,12.84127137,77.66090050,4,858.761,,1.210,132,37,47,,
T,2022-03-22 12:45:50,12.84126462,77.66091001,4,858.925,,1.170,125,38,47,,
T,2022-03-22 12:45:51,12.84125815,77.66092032,4,858.773,,1.310,125,38,47,,
T,2022-03-22 12:45:52,12.84125130,77.66092999,4,858.780,,1.160,127,37,47,,
T,2022-03-22 12:45:53,12.84124397,77.66093811,4,858.464,,1.190,134,37,47,,
T,2022-03-22 12:45:54,12.84123606,77.66094638,4,858.440,,1.260,136,37,47,,
T,2022-03-22 12:45:55,12.84122817,77.66095448,4,858.519,,1.170,135,36,47,,
T,2022-03-22 12:45:56,12.84122132,77.66096296,4,858.840,,1.200,133,35,47,,
T,2022-03-22 12:45:57,12.84121531,77.66097149,4,859.023,,1.090,131,34,46,,
T,2022-03-22 12:45:58,12.84120918,77.66098097,4,859.399,,1.280,129,34,46,,
T,2022-03-22 12:45:59,12.84120260,77.66099014,4,859.448,,1.190,134,35,46,,
T,2022-03-22 12:46:00,12.84119561,77.66099819,4,859.700,,1.120,135,35,46,,
T,2022-03-22 12:46:01,12.84118897,77.66100468,4,859.892,,0.940,142,35,46,,
T,2022-03-22 12:46:02,12.84118177,77.66101156,4,860.191,,1.300,140,35,46,,
T,2022-03-22 12:46:03,12.84117390,77.66101844,4,860.227,,1.100,143,35,46,,
T,2022-03-22 12:46:04,12.84116685,77.66102589,4,860.776,,1.200,136,34,46,,
T,2022-03-22 12:46:05,12.84115897,77.66103284,4,860.795,,1.140,145,34,46,,
T,2022-03-22 12:46:06,12.84115113,77.66104023,4,861.402,,1.220,145,35,46,,
T,2022-03-22 12:46:07,12.84114315,77.66104744,4,861.401,,1.110,142,34,46,,
T,2022-03-22 12:46:08,12.84113512,77.66105310,4,861.276,,1.000,141,34,46,,
T,2022-03-22 12:46:09,12.84112658,77.66105864,4,861.462,,1.080,145,34,46,,
T,2022-03-22 12:46:10,12.84111765,77.66106480,4,861.160,,1.170,142,34,46,,
T,2022-03-22 12:46:11,12.84110949,77.66107155,4,861.252,,1.060,138,35,46,,
T,2022-03-22 12:46:12,12.84110131,77.66107933,4,861.233,,1.280,136,35,46,,
T,2022-03-22 12:46:13,12.84109183,77.66108543,4,860.672,,1.020,138,35,46,,
T,2022-03-22 12:46:14,12.84108316,77.66109043,4,860.395,,0.950,138,35,46,,
T,2022-03-22 12:46:15,12.84107542,77.66109507,4,860.081,,0.830,138,34,46,,
T,2022-03-22 12:46:16,12.84106797,77.66109985,4,859.661,,0.940,141,34,46,,
T,2022-03-22 12:46:17,12.84106152,77.66110435,4,859.479,,0.710,142,34,46,,
T,2022-03-22 12:46:18,12.84105320,77.66110882,4,859.115,,1.220,142,33,46,,
T,2022-03-22 12:46:19,12.84104462,77.66111381,4,859.021,,0.940,142,33,46,,
T,2022-03-22 12:46:20,12.84103734,77.66111733,4,858.986,,0.840,142,33,46,,
T,2022-03-22 12:46:21,12.84102771,77.66112227,4,859.393,,1.260,149,33,46,,
T,2022-03-22 12:46:22,12.84101707,77.66112713,4,859.297,,1.120,150,33,46,,
T,2022-03-22 12:46:23,12.84100709,77.66113073,4,859.073,,1.060,155,33,46,,
T,2022-03-22 12:46:24,12.84099804,77.66113524,4,859.299,,1.140,147,33,46,,
T,2022-03-22 12:46:25,12.84099270,77.66113950,4,858.868,,0.700,150,33,46,,
T,2022-03-22 12:46:26,12.84099020,77.66114396,4,858.951,,0.660,150,32,46,,
T,2022-03-22 12:46:27,12.84098552,77.66115034,4,858.850,,1.280,150,32,46,,
T,2022-03-22 12:46:28,12.84097749,77.66115781,4,859.219,,1.190,145,32,46,,
T,2022-03-22 12:46:29,12.84097064,77.66116221,4,859.413,,0.760,145,32,46,,
T,2022-03-22 12:46:30,12.84096429,77.66116548,4,859.063,,0.820,145,32,46,,
T,2022-03-22 12:46:31,12.84095687,77.66117002,4,859.406,,0.990,141,32,46,,
T,2022-03-22 12:46:32,12.84094948,77.66117605,4,859.522,,0.840,141,32,46,,
T,2022-03-22 12:46:33,12.84094282,77.66118223,4,859.147,,0.910,141,32,47,,
T,2022-03-22 12:46:34,12.84093613,77.66118983,4,859.415,,0.990,131,34,47,,
T,2022-03-22 12:46:35,12.84092886,77.66119753,4,858.991,,1.000,131,34,47,,
T,2022-03-22 12:46:36,12.84092203,77.66120421,4,859.290,,0.830,152,34,47,,
T,2022-03-22 12:46:37,12.84091471,77.66120947,4,858.970,,0.890,152,34,47,,
T,2022-03-22 12:46:38,12.84090637,77.66121497,4,858.970,,0.980,152,34,47,,
T,2022-03-22 12:46:39,12.84089903,77.66121945,4,858.275,,0.630,152,34,47,,
T,2022-03-22 12:46:40,12.84089302,77.66122221,4,857.547,,0.500,152,32,47,,
T,2022-03-22 12:46:41,12.84088513,77.66122479,4,857.193,,0.920,153,31,47,,
T,2022-03-22 12:46:42,12.84087716,77.66122770,4,857.140,,0.650,152,31,47,,
T,2022-03-22 12:46:43,12.84087189,77.66123168,4,856.998,,0.440,152,32,47,,
T,2022-03-22 12:46:44,12.84086744,77.66123862,4,856.877,,0.800,152,32,47,,
T,2022-03-22 12:46:45,12.84086101,77.66124997,4,856.834,,1.290,126,32,47,,
T,2022-03-22 12:46:46,12.84085447,77.66126075,4,857.089,,0.930,126,32,47,,
T,2022-03-22 12:46:47,12.84084572,77.66127075,4,857.262,,1.420,139,32,47,,
T,2022-03-22 12:46:48,12.84083494,77.66127841,4,857.443,,0.960,146,32,47,,
T,2022-03-22 12:46:49,12.84082456,77.66128318,4,857.579,,0.950,139,32,47,,
T,2022-03-22 12:46:50,12.84081385,77.66128802,4,857.360,,0.980,143,33,46,,
T,2022-03-22 12:46:51,12.84080373,77.66129263,4,857.695,,0.830,143,34,46,,
T,2022-03-22 12:46:52,12.84079345,77.66129780,4,858.712,,1.080,146,35,47,,
T,2022-03-22 12:46:53,12.84078423,77.66130188,4,858.382,,0.680,146,35,47,,
T,2022-03-22 12:46:54,12.84077461,77.66130733,4,858.459,,1.330,146,34,47,,
T,2022-03-22 12:46:55,12.84076596,77.66131227,4,858.650,,0.670,146,34,47,,
T,2022-03-22 12:46:56,12.84076047,77.66131465,4,858.837,,0.690,147,35,47,,
T,2022-03-22 12:46:57,12.84075229,77.66131694,4,859.023,,0.960,147,35,47,,
T,2022-03-22 12:46:58,12.84074354,77.66131961,4,859.143,,0.810,147,36,47,,
T,2022-03-22 12:46:59,12.84073650,77.66132178,4,860.050,,0.540,146,36,47,,
T,2022-03-22 12:47:00,12.84072857,77.66132397,4,859.682,,0.790,146,35,47,,
T,2022-03-22 12:47:01,12.84071882,77.66132746,4,859.333,,0.940,161,35,47,,
T,2022-03-22 12:47:02,12.84070830,77.66133108,4,859.361,,0.920,162,34,47,,
T,2022-03-22 12:47:03,12.84069830,77.66133431,4,858.870,,0.920,162,33,47,,
T,2022-03-22 12:47:04,12.84068856,77.66133800,4,858.677,,0.930,162,34,47,,
T,2022-03-22 12:47:05,12.84067887,77.66134253,4,858.415,,0.980,153,34,47,,
T,2022-03-22 12:47:06,12.84067250,77.66134623,4,857.797,,0.410,153,33,47,,
T,2022-03-22 12:47:07,12.84066724,77.66134971,4,857.570,,0.500,153,33,47,,
T,2022-03-22 12:47:08,12.84066254,77.66135267,4,857.406,,0.280,153,33,47,,
T,2022-03-22 12:47:09,12.84065790,77.66135575,4,856.657,,0.450,153,33,47,,
T,2022-03-22 12:47:10,12.84065197,77.66135766,4,856.109,,0.570,153,33,47,,
T,2022-03-22 12:47:11,12.84064434,77.66136014,4,855.886,,0.720,153,33,47,,
T,2022-03-22 12:47:12,12.84063507,77.66136236,4,855.897,,0.860,153,33,47,,
T,2022-03-22 12:47:13,12.84062546,77.66136417,4,856.449,,0.820,153,34,47,,
T,2022-03-22 12:47:14,12.84061579,77.66136638,4,856.372,,0.740,153,34,47,,
T,2022-03-22 12:47:15,12.84060534,77.66137034,4,855.960,,0.990,153,35,47,,
T,2022-03-22 12:47:16,12.84059513,77.66137517,4,854.960,,0.860,151,35,47,,
T,2022-03-22 12:47:17,12.84058655,77.66137930,4,854.465,,0.640,151,35,47,,
T,2022-03-22 12:47:18,12.84057781,77.66138342,4,854.546,,0.590,152,35,47,,
T,2022-03-22 12:47:19,12.84057032,77.66138743,4,854.646,,0.530,152,33,47,,
T,2022-03-22 12:47:20,12.84056190,77.66139173,4,855.081,,0.820,152,35,47,,
T,2022-03-22 12:47:21,12.84055212,77.66139620,4,854.774,,0.940,152,37,47,,
T,2022-03-22 12:47:22,12.84054151,77.66139924,4,855.417,,0.700,153,37,47,,
T,2022-03-22 12:47:23,12.84053091,77.66140181,4,855.326,,0.900,152,37,47,,
T,2022-03-22 12:47:24,12.84051663,77.66140408,4,855.312,,1.570,176,37,47,,
T,2022-03-22 12:47:25,12.84050418,77.66140544,4,854.887,,0.760,176,37,47,,
T,2022-03-22 12:47:26,12.84049650,77.66140742,4,854.701,,0.640,176,34,47,,
T,2022-03-22 12:47:27,12.84049249,77.66141142,4,854.510,,0.000,,33,47,,
T,2022-03-22 12:47:28,12.84048759,77.66141330,4,854.649,,0.570,176,33,47,,
T,2022-03-22 12:47:29,12.84048295,77.66141540,4,854.657,,0.340,176,31,47,,
T,2022-03-22 12:47:30,12.84047699,77.66141806,4,854.321,,0.870,160,36,47,,
T,2022-03-22 12:47:31,12.84046904,77.66142267,4,854.803,,0.870,160,37,47,,
T,2022-03-22 12:47:32,12.84046277,77.66142804,4,854.055,,0.560,160,37,47,,
T,2022-03-22 12:47:33,12.84045620,77.66143372,4,853.873,,0.850,160,36,47,,
T,2022-03-22 12:47:34,12.84044767,77.66144010,4,853.454,,0.930,160,37,47,,
T,2022-03-22 12:47:35,12.84043807,77.66144447,4,853.153,,0.990,167,37,47,,
T,2022-03-22 12:47:36,12.84042716,77.66144851,4,853.306,,1.180,165,36,47,,
T,2022-03-22 12:47:37,12.84041628,77.66145182,4,853.277,,0.960,167,36,47,,
T,2022-03-22 12:47:38,12.84040618,77.66145307,4,853.902,,1.000,167,35,47,,
T,2022-03-22 12:47:39,12.84039734,77.66145443,4,853.373,,0.820,150,35,47,,
T,2022-03-22 12:47:40,12.84038731,77.66145544,4,854.249,,0.820,151,34,47,,
T,2022-03-22 12:47:41,12.84037512,77.66145785,4,853.480,,1.140,167,36,47,,
T,2022-03-22 12:47:42,12.84036279,77.66146120,4,853.691,,1.060,167,36,47,,
T,2022-03-22 12:47:43,12.84035158,77.66146394,4,853.282,,0.930,167,37,47,,
T,2022-03-22 12:47:45,12.84032899,77.66147093,4,853.888,,0.970,171,37,47,,
T,2022-03-22 12:47:46,12.84031900,77.66147433,4,853.607,,0.870,170,37,47,,
T,2022-03-22 12:47:47,12.84031102,77.66147718,4,853.046,,0.620,170,36,47,,
T,2022-03-22 12:47:48,12.84030332,77.66148070,4,853.088,,0.870,170,37,47,,
T,2022-03-22 12:47:49,12.84029093,77.66148404,4,854.035,,1.560,180,37,47,,
T,2022-03-22 12:47:50,12.84027932,77.66148713,4,853.769,,0.860,179,37,47,,
T,2022-03-22 12:47:51,12.84027044,77.66149024,4,853.935,,0.950,179,37,47,,
T,2022-03-22 12:47:52,12.84026175,77.66149364,4,853.857,,0.920,173,36,47,,
T,2022-03-22 12:47:53,12.84025330,77.66149709,4,853.883,,0.870,173,36,47,,
T,2022-03-22 12:47:54,12.84024478,77.66149843,4,853.530,,0.820,173,35,47,,
T,2022-03-22 12:47:55,12.84023632,77.66149874,4,852.948,,0.870,180,35,47,,
T,2022-03-22 12:47:56,12.84022586,77.66149926,4,853.434,,1.150,179,34,47,,
T,2022-03-22 12:47:57,12.84021472,77.66150093,4,852.931,,1.100,171,33,47,,
T,2022-03-22 12:47:58,12.84020473,77.66150326,4,852.839,,0.930,171,33,47,,
T,2022-03-22 12:47:59,12.84019550,77.66150450,4,853.031,,0.910,171,32,47,,
T,2022-03-22 12:48:00,12.84018444,77.66150551,4,853.168,,1.250,171,32,47,,
T,2022-03-22 12:48:01,12.84017311,77.66150706,4,853.184,,0.960,172,32,47,,
T,2022-03-22 12:48:02,12.84016349,77.66150910,4,853.382,,0.910,171,32,47,,
T,2022-03-22 12:48:03,12.84015552,77.66150993,4,853.504,,0.670,171,32,47,,
T,2022-03-22 12:48:04,12.84014722,77.66151112,4,853.525,,0.890,159,32,47,,
T,2022-03-22 12:48:05,12.84013866,77.66151262,4,853.522,,0.790,159,31,47,,
T,2022-03-22 12:48:06,12.84012831,77.66151459,4,853.569,,1.100,159,31,47,,
T,2022-03-22 12:48:07,12.84011644,77.66151572,4,854.256,,1.190,181,30,47,,
T,2022-03-22 12:48:08,12.84010586,77.66151586,4,854.400,,0.880,181,30,47,,
T,2022-03-22 12:48:09,12.84009512,77.66151453,4,854.527,,1.150,181,30,47,,
T,2022-03-22 12:48:10,12.84008292,77.66151422,4,854.817,,1.110,175,29,47,,
T,2022-03-22 12:48:11,12.84007047,77.66151593,4,854.634,,1.180,171,29,47,,
T,2022-03-22 12:48:12,12.84005933,77.66151781,4,855.853,,0.550,175,29,47,,
T,2022-03-22 12:48:13,12.84005232,77.66152352,4,855.779,,0.970,175,33,47,,
T,2022-03-22 12:48:14,12.84004930,77.66153459,4,855.530,,1.360,175,34,47,,
T,2022-03-22 12:48:15,12.84004992,77.66154752,4,855.679,,1.190,174,34,47,,
T,2022-03-22 12:48:16,12.84005090,77.66155971,4,855.401,,1.140,174,34,47,,
T,2022-03-22 12:48:17,12.84005126,77.66157144,4,855.674,,1.150,89,34,47,,
T,2022-03-22 12:48:18,12.84005142,77.66158073,4,855.282,,0.760,89,34,47,,
T,2022-03-22 12:48:19,12.84005268,77.66159090,4,854.552,,1.300,80,32,47,,
T,2022-03-22 12:48:20,12.84005277,77.66159985,4,855.362,,0.650,81,32,47,,
T,2022-03-22 12:48:21,12.84005246,77.66160565,4,855.795,,0.430,81,33,47,,
T,2022-03-22 12:48:22,12.84005099,77.66161298,4,856.598,,0.720,82,33,47,,
T,2022-03-22 12:48:23,12.84005020,77.66162118,4,856.021,,0.530,82,35,47,,
T,2022-03-22 12:48:24,12.84004960,77.66163136,4,856.780,,0.910,82,36,47,,
T,2022-03-22 12:48:25,12.84004942,77.66164350,4,857.845,,0.770,82,36,47,,
T,2022-03-22 12:48:26,12.84004919,77.66165506,4,858.233,,0.900,94,37,47,,
T,2022-03-22 12:48:27,12.84004819,77.66166541,4,858.282,,0.790,94,36,47,,
T,2022-03-22 12:48:28,12.84004761,77.66167803,4,858.032,,1.210,91,36,47,,
T,2022-03-22 12:48:29,12.84004796,77.66169176,4,856.968,,0.970,90,36,47,,
T,2022-03-22 12:48:30,12.84004829,77.66170319,4,856.620,,0.970,91,36,47,,
T,2022-03-22 12:48:31,12.84004868,77.66171413,4,856.859,,0.970,90,36,47,,
T,2022-03-22 12:48:32,12.84004738,77.66172468,4,856.432,,0.990,91,34,47,,
T,2022-03-22 12:48:33,12.84004558,77.66173426,4,856.217,,0.860,91,34,47,,
T,2022-03-22 12:48:34,12.84004545,77.66174318,4,856.306,,0.850,91,34,47,,
T,2022-03-22 12:48:35,12.84004632,77.66174718,4,856.062,,0.000,,33,47,,
T,2022-03-22 12:48:36,12.84004759,77.66175386,4,856.351,,0.930,91,32,47,,
T,2022-03-22 12:48:37,12.84004932,77.66176469,4,855.987,,0.860,92,31,47,,
T,2022-03-22 12:48:38,12.84005097,77.66177532,4,855.432,,1.150,91,31,47,,
T,2022-03-22 12:48:39,12.84005244,77.66178579,4,854.958,,0.930,91,31,47,,
T,2022-03-22 12:48:40,12.84005349,77.66179651,4,855.310,,1.120,91,31,47,,
T,2022-03-22 12:48:41,12.84005371,77.66180666,4,855.394,,0.900,91,31,47,,
T,2022-03-22 12:48:42,12.84005408,77.66181719,4,855.533,,1.170,91,32,47,,
T,2022-03-22 12:48:43,12.84005551,77.66182752,4,856.072,,0.890,80,32,47,,
T,2022-03-22 12:48:44,12.84005739,77.66183721,4,856.310,,0.820,80,33,47,,
T,2022-03-22 12:48:45,12.84005952,77.66184796,4,856.089,,1.160,80,35,47,,
T,2022-03-22 12:48:46,12.84006171,77.66185847,4,856.097,,0.910,80,35,47,,
T,2022-03-22 12:48:47,12.84006317,77.66186935,4,856.266,,1.160,91,36,47,,
T,2022-03-22 12:48:48,12.84006483,77.66187994,4,856.346,,0.970,91,36,47,,
T,2022-03-22 12:48:49,12.84006755,77.66188847,4,856.274,,0.790,91,36,47,,
T,2022-03-22 12:48:50,12.84007063,77.66189659,4,856.756,,0.940,78,36,47,,
T,2022-03-22 12:48:51,12.84007403,77.66190716,4,857.394,,1.330,81,34,47,,
T,2022-03-22 12:48:52,12.84007706,77.66191697,4,857.181,,0.880,78,32,47,,
T,2022-03-22 12:48:53,12.84007929,77.66192492,4,857.196,,0.890,78,33,47,,
T,2022-03-22 12:48:54,12.84008002,77.66193480,4,858.208,,0.870,79,33,47,,
T,2022-03-22 12:48:55,12.84008027,77.66194507,4,857.729,,0.940,79,34,47,,
T,2022-03-22 12:48:56,12.84008116,77.66195575,4,857.839,,0.990,79,34,47,,
T,2022-03-22 12:48:57,12.84008215,77.66196650,4,857.828,,0.990,79,34,47,,
T,2022-03-22 12:48:58,12.84008388,77.66197612,4,857.579,,0.840,73,34,47,,
T,2022-03-22 12:48:59,12.84008603,77.66198593,4,858.346,,0.950,73,34,47,,
T,2022-03-22 12:49:00,12.84008710,77.66199418,4,858.303,,0.530,74,34,47,,
T,2022-03-22 12:49:01,12.84008637,77.66200155,4,858.107,,0.830,74,34,47,,
T,2022-03-22 12:49:02,12.84008453,77.66201379,4,858.357,,1.430,93,33,47,,
T,2022-03-22 12:49:03,12.84008366,77.66202658,4,857.861,,1.110,92,31,47,,
T,2022-03-22 12:49:04,12.84008551,77.66203688,4,857.148,,1.130,92,31,47,,
T,2022-03-22 12:49:05,12.84008904,77.66204821,4,857.371,,1.360,75,30,47,,
T,2022-03-22 12:49:06,12.84009305,77.66205924,4,857.250,,1.200,77,30,47,,
T,2022-03-22 12:49:07,12.84009693,77.66207039,4,855.879,,1.420,77,31,47,,
T,2022-03-22 12:49:08,12.84009910,77.66208053,4,856.841,,0.930,86,31,47,,
T,2022-03-22 12:49:09,12.84009961,77.66208837,4,856.396,,0.890,101,31,47,,
T,2022-03-22 12:49:10,12.84009979,77.66209794,4,856.283,,1.290,93,31,47,,
T,2022-03-22 12:49:11,12.84010030,77.66210619,4,856.274,,0.850,100,32,47,,
T,2022-03-22 12:49:12,12.84010382,77.66211613,4,857.080,,1.440,75,32,46,,
T,2022-03-22 12:49:13,12.84010755,77.66212494,4,856.947,,0.790,69,31,47,,
T,2022-03-22 12:49:14,12.84010996,77.66213273,4,856.877,,0.940,70,31,47,,
T,2022-03-22 12:49:15,12.84011168,77.66214122,4,857.172,,0.890,95,31,47,,
T,2022-03-22 12:49:16,12.84011303,77.66215170,4,857.087,,1.210,85,31,47,,
T,2022-03-22 12:49:17,12.84011337,77.66216184,4,856.768,,0.910,94,31,47,,
T,2022-03-22 12:49:18,12.84011508,77.66217246,4,856.545,,1.130,94,31,47,,
T,2022-03-22 12:49:19,12.84011690,77.66218218,4,856.067,,0.850,76,33,47,,
T,2022-03-22 12:49:20,12.84011869,77.66219067,4,856.141,,0.970,76,31,47,,
T,2022-03-22 12:49:21,12.84012055,77.66220131,4,855.486,,1.210,81,32,47,,
T,2022-03-22 12:49:22,12.84012135,77.66221265,4,855.615,,1.090,98,32,47,,
T,2022-03-22 12:49:23,12.84012134,77.66222285,4,855.481,,0.990,98,32,47,,
T,2022-03-22 12:49:24,12.84012183,77.66223237,4,855.503,,1.020,98,32,47,,
T,2022-03-22 12:49:25,12.84012319,77.66224238,4,855.437,,0.990,80,32,47,,
T,2022-03-22 12:49:26,12.84012562,77.66225189,4,855.266,,0.990,80,32,47,,
T,2022-03-22 12:49:27,12.84012918,77.66226315,4,855.610,,1.260,80,31,47,,
T,2022-03-22 12:49:28,12.84013254,77.66227592,4,855.716,,1.330,80,31,47,,
T,2022-03-22 12:49:29,12.84013556,77.66228805,4,855.649,,1.120,73,31,47,,
T,2022-03-22 12:49:30,12.84013697,77.66229646,4,855.101,,0.590,74,31,47,,
T,2022-03-22 12:49:31,12.84013750,77.66230442,4,854.867,,0.820,74,31,47,,
T,2022-03-22 12:49:32,12.84013742,77.66231554,4,854.784,,1.130,90,32,47,,
T,2022-03-22 12:49:33,12.84013853,77.66232552,4,855.113,,0.660,90,33,47,,
T,2022-03-22 12:49:34,12.84014082,77.66233462,4,854.666,,0.910,90,33,47,,
T,2022-03-22 12:49:35,12.84014237,77.66234564,4,854.538,,0.980,90,32,47,,
T,2022-03-22 12:49:36,12.84014354,77.66235729,4,854.095,,1.130,90,33,47,,
T,2022-03-22 12:49:37,12.84014428,77.66236697,4,853.993,,0.730,79,32,47,,
T,2022-03-22 12:49:38,12.84014581,77.66237520,4,853.986,,0.810,79,32,47,,
T,2022-03-22 12:49:39,12.84014820,77.66238432,4,853.949,,0.930,79,31,47,,
T,2022-03-22 12:49:40,12.84015021,77.66239345,4,854.013,,0.840,79,32,47,,
T,2022-03-22 12:49:41,12.84015147,77.66240442,4,854.828,,1.230,82,32,47,,
T,2022-03-22 12:49:42,12.84015143,77.66241545,4,854.610,,1.010,89,32,47,,
T,2022-03-22 12:49:43,12.84015080,77.66242595,4,854.728,,1.140,92,32,47,,
T,2022-03-22 12:49:44,12.84015061,77.66243534,4,854.631,,0.890,86,32,47,,
T,2022-03-22 12:49:45,12.84015089,77.66244309,4,854.305,,0.850,86,32,47,,
T,2022-03-22 12:49:46,12.84015097,77.66244931,4,854.027,,0.560,86,30,47,,
T,2022-03-22 12:49:47,12.84015176,77.66245623,4,853.584,,0.890,86,30,47,,
T,2022-03-22 12:49:48,12.84015392,77.66246550,4,853.176,,0.960,86,30,47,,
T,2022-03-22 12:49:49,12.84015592,77.66247540,4,853.509,,0.970,92,30,47,,
T,2022-03-22 12:49:50,12.84015912,77.66248775,4,853.582,,1.490,81,32,47,,
T,2022-03-22 12:49:51,12.84016261,77.66249932,4,853.916,,0.980,81,33,47,,
T,2022-03-22 12:49:52,12.84016667,77.66250831,4,854.216,,0.990,81,33,47,,
T,2022-03-22 12:49:53,12.84017060,77.66251643,4,853.980,,0.850,79,32,47,,
T,2022-03-22 12:49:54,12.84017536,77.66252440,4,854.247,,0.900,81,33,47,,
T,2022-03-22 12:49:55,12.84017994,77.66253099,4,854.414,,0.550,81,33,47,,
T,2022-03-22 12:49:56,12.84018704,77.66253315,4,854.935,,0.000,,34,47,,
T,2022-03-22 12:49:57,12.84019241,77.66254393,4,855.693,,1.690,75,34,47,,
T,2022-03-22 12:49:58,12.84019591,77.66255800,4,855.532,,1.130,76,34,47,,
T,2022-03-22 12:49:59,12.84019875,77.66257310,4,855.841,,1.840,81,34,47,,
T,2022-03-22 12:50:00,12.84020211,77.66258630,4,855.648,,1.050,78,33,47,,
T,2022-03-22 12:50:01,12.84020557,77.66259484,4,855.050,,0.830,78,33,47,,
T,2022-03-22 12:50:02,12.84021034,77.66260366,4,855.012,,1.200,63,34,47,,
T,2022-03-22 12:50:03,12.84021472,77.66261032,4,855.403,,0.520,78,33,47,,
T,2022-03-22 12:50:04,12.84021941,77.66261871,4,855.935,,1.300,68,33,47,,
T,2022-03-22 12:50:05,12.84022332,77.66262852,4,856.327,,0.910,81,33,47,,
T,2022-03-22 12:50:06,12.84022581,77.66263704,4,856.493,,0.890,81,32,47,,
T,2022-03-22 12:50:07,12.84022836,77.66264549,4,856.298,,0.900,81,31,47,,
T,2022-03-22 12:50:08,12.84023038,77.66265473,4,856.357,,0.980,86,32,47,,
T,2022-03-22 12:50:09,12.84023192,77.66265771,4,856.647,,0.000,,32,47,,
T,2022-03-22 12:50:10,12.84023521,77.66266975,4,856.861,,2.020,79,31,47,,
T,2022-03-22 12:50:11,12.84023949,77.66268543,4,857.047,,1.450,79,31,47,,
T,2022-03-22 12:50:12,12.84024307,77.66269532,4,857.818,,0.840,79,31,47,,
T,2022-03-22 12:50:13,12.84024652,77.66270192,4,858.195,,0.790,79,31,47,,
T,2022-03-22 12:50:14,12.84025053,77.66270156,4,858.898,,0.000,,31,47,,
T,2022-03-22 12:50:15,12.84025482,77.66270934,4,858.744,,1.530,73,31,47,,
T,2022-03-22 12:50:16,12.84025908,77.66272010,4,859.012,,1.000,79,31,47,,
T,2022-03-22 12:50:17,12.84026101,77.66272921,4,859.118,,0.900,79,31,47,,
T,2022-03-22 12:50:18,12.84026241,77.66273796,4,859.377,,0.900,79,31,47,,
T,2022-03-22 12:50:19,12.84026384,77.66274858,4,859.330,,0.980,79,31,47,,
T,2022-03-22 12:50:20,12.84026659,77.66276173,4,859.333,,1.450,79,31,47,,
T,2022-03-22 12:50:21,12.84026904,77.66277353,4,857.926,,0.990,82,32,47,,
T,2022-03-22 12:50:22,12.84027124,77.66278192,4,858.142,,0.850,79,32,47,,
T,2022-03-22 12:50:23,12.84027644,77.66278814,4,858.695,,0.000,,32,47,,
T,2022-03-22 12:50:24,12.84027864,77.66279568,4,858.388,,0.550,79,35,47,,
T,2022-03-22 12:50:25,12.84027882,77.66280481,4,858.705,,0.000,,35,47,,
T,2022-03-22 12:50:26,12.84027826,77.66280977,4,859.141,,0.000,,37,47,,
T,2022-03-22 12:50:27,12.84027866,77.66281366,4,859.201,,0.000,,37,47,,
T,2022-03-22 12:50:28,12.84028146,77.66282039,4,859.468,,0.680,79,37,47,,
T,2022-03-22 12:50:29,12.84028345,77.66282931,4,859.616,,0.000,,38,47,,
T,2022-03-22 12:50:30,12.84028410,77.66283495,4,859.960,,0.000,,38,47,,
T,2022-03-22 12:50:31,12.84028580,77.66284338,4,859.729,,0.920,76,38,47,,
T,2022-03-22 12:50:32,12.84028773,77.66285301,4,860.126,,0.770,77,38,47,,
T,2022-03-22 12:50:33,12.84028707,77.66286469,4,860.236,,0.000,,38,47,,
T,2022-03-22 12:50:34,12.84028911,77.66287460,4,859.970,,0.700,61,38,47,,
T,2022-03-22 12:50:35,12.84029227,77.66288627,4,859.566,,0.760,61,38,47,,
T,2022-03-22 12:50:36,12.84029557,77.66289625,4,859.166,,0.590,61,38,47,,
T,2022-03-22 12:50:37,12.84030104,77.66290921,4,858.725,,1.470,61,38,47,,
T,2022-03-22 12:50:38,12.84030661,77.66292463,4,858.883,,1.180,61,38,47,,
T,2022-03-22 12:50:39,12.84031057,77.66293917,4,858.438,,1.160,61,38,47,,
T,2022-03-22 12:50:40,12.84031421,77.66295314,4,858.573,,0.980,61,37,47,,
T,2022-03-22 12:50:41,12.84031839,77.66296701,4,858.247,,1.170,61,36,47,,
T,2022-03-22 12:50:42,12.84032323,77.66297982,4,857.870,,0.930,61,36,47,,
T,2022-03-22 12:50:43,12.84032653,77.66299141,4,857.598,,0.680,61,36,47,,
T,2022-03-22 12:50:44,12.84032955,77.66300126,4,857.118,,0.720,61,36,47,,
T,2022-03-22 12:50:45,12.84033227,77.66301147,4,857.350,,0.780,61,35,47,,
T,2022-03-22 12:50:46,12.84033569,77.66302191,4,858.805,,0.800,59,35,47,,
T,2022-03-22 12:50:47,12.84033944,77.66303376,4,859.565,,0.850,60,38,47,,
T,2022-03-22 12:50:48,12.84033989,77.66304826,4,859.872,,1.430,60,38,47,,
T,2022-03-22 12:50:49,12.84033935,77.66306261,4,859.372,,0.910,60,38,47,,
T,2022-03-22 12:50:50,12.84033941,77.66307482,4,859.152,,1.070,60,38,47,,
T,2022-03-22 12:50:51,12.84034114,77.66308932,4,860.297,,1.390,83,37,47,,
T,2022-03-22 12:50:52,12.84034399,77.66310113,4,860.009,,0.680,82,35,47,,
T,2022-03-22 12:50:53,12.84034668,77.66311016,4,859.880,,0.910,82,33,47,,
T,2022-03-22 12:50:54,12.84035028,77.66311983,4,860.207,,0.970,82,31,47,,
T,2022-03-22 12:50:55,12.84035436,77.66312935,4,860.225,,0.900,82,33,47,,
T,2022-03-22 12:50:56,12.84035933,77.66313904,4,859.463,,0.980,82,31,47,,
T,2022-03-22 12:50:57,12.84036386,77.66314998,4,859.664,,1.100,82,31,47,,
T,2022-03-22 12:50:58,12.84036790,77.66316175,4,859.414,,0.980,82,32,47,,
T,2022-03-22 12:50:59,12.84037232,77.66317310,4,858.863,,1.080,82,31,47,,
T,2022-03-22 12:51:00,12.84037699,77.66318421,4,857.852,,1.030,81,31,47,,
T,2022-03-22 12:51:01,12.84038045,77.66319423,4,857.327,,0.870,85,32,47,,
T,2022-03-22 12:51:02,12.84038419,77.66320866,4,858.803,,1.840,76,32,47,,
T,2022-03-22 12:51:03,12.84038929,77.66322465,4,858.821,,1.450,83,31,47,,
T,2022-03-22 12:51:04,12.84039360,77.66323828,4,858.967,,1.280,83,30,47,,
T,2022-03-22 12:51:05,12.84039742,77.66324993,4,858.837,,1.010,70,30,47,,
T,2022-03-22 12:51:06,12.84040092,77.66326312,4,859.727,,1.430,72,30,47,,
T,2022-03-22 12:51:07,12.84040476,77.66327746,4,860.012,,1.310,70,30,47,,
T,2022-03-22 12:51:08,12.84041019,77.66329121,4,859.992,,1.500,61,30,47,,
T,2022-03-22 12:51:09,12.84041534,77.66330399,4,859.855,,1.130,68,30,47,,
T,2022-03-22 12:51:10,12.84041894,77.66331593,4,859.822,,1.230,61,30,47,,
T,2022-03-22 12:51:11,12.84042180,77.66332943,4,860.174,,1.370,61,32,47,,
T,2022-03-22 12:51:12,12.84042325,77.66334358,4,860.260,,1.040,61,33,47,,
T,2022-03-22 12:51:13,12.84042617,77.66336203,4,860.647,,2.360,79,33,47,,
T,2022-03-22 12:51:14,12.84043299,77.66338571,4,861.790,,2.240,74,33,47,,
T,2022-03-22 12:51:15,12.84044318,77.66340505,4,860.683,,2.190,65,34,47,,
T,2022-03-22 12:51:16,12.84045139,77.66341677,4,859.162,,1.080,81,34,47,,
T,2022-03-22 12:51:17,12.84045634,77.66342679,4,859.195,,1.390,68,34,47,,
T,2022-03-22 12:51:18,12.84046253,77.66343989,4,860.532,,1.290,74,34,47,,
T,2022-03-22 12:51:19,12.84046864,77.66345449,4,860.683,,1.630,69,36,47,,
T,2022-03-22 12:51:20,12.84047483,77.66346632,4,860.746,,1.050,81,36,47,,
T,2022-03-22 12:51:21,12.84047860,77.66347341,4,859.682,,0.640,81,36,47,,
T,2022-03-22 12:51:22,12.84048225,77.66348131,4,860.243,,0.800,71,36,47,,
T,2022-03-22 12:51:23,12.84048479,77.66348868,4,859.409,,0.420,81,36,47,,
T,2022-03-22 12:51:24,12.84048677,77.66349441,4,859.098,,0.490,81,36,47,,
T,2022-03-22 12:51:25,12.84048905,77.66350201,4,860.254,,0.680,81,35,47,,
T,2022-03-22 12:51:26,12.84049275,77.66351062,4,860.267,,0.900,60,34,47,,
T,2022-03-22 12:51:27,12.84049866,77.66351798,4,860.112,,0.630,60,33,47,,
T,2022-03-22 12:51:28,12.84050493,77.66352488,4,860.535,,0.750,60,31,47,,
T,2022-03-22 12:51:29,12.84051111,77.66353225,4,860.755,,0.690,60,31,47,,
T,2022-03-22 12:51:30,12.84051594,77.66353939,4,861.120,,0.620,60,32,47,,
T,2022-03-22 12:51:31,12.84052087,77.66354770,4,862.240,,0.880,60,34,47,,
T,2022-03-22 12:51:32,12.84052833,77.66355874,4,862.558,,1.210,60,34,47,,
T,2022-03-22 12:51:33,12.84053721,77.66357117,4,863.375,,1.150,60,34,47,,
T,2022-03-22 12:51:34,12.84054717,77.66358484,4,864.277,,1.470,62,37,47,,
T,2022-03-22 12:51:35,12.84055588,77.66359712,4,864.884,,0.810,62,37,47,,
T,2022-03-22 12:51:36,12.84056260,77.66360805,4,865.275,,0.840,62,37,47,,
T,2022-03-22 12:51:37,12.84056864,77.66362026,4,865.468,,0.990,80,36,47,,
T,2022-03-22 12:51:38,12.84057559,77.66363340,4,865.538,,0.910,80,36,47,,
T,2022-03-22 12:51:39,12.84058332,77.66364498,4,865.455,,0.900,80,36,47,,
T,2022-03-22 12:51:40,12.84059085,77.66365515,4,863.565,,1.030,52,36,47,,
T,2022-03-22 12:51:41,12.84059768,77.66366403,4,862.965,,0.730,52,36,47,,
T,2022-03-22 12:51:42,12.84060357,77.66367320,4,862.268,,0.920,52,36,47,,
T,2022-03-22 12:51:43,12.84060950,77.66368335,4,864.176,,0.630,52,36,47,,
T,2022-03-22 12:51:44,12.84061579,77.66369463,4,864.409,,1.180,58,38,47,,
T,2022-03-22 12:51:45,12.84062276,77.66370647,4,864.026,,0.910,58,38,47,,
T,2022-03-22 12:51:46,12.84062928,77.66371552,4,863.531,,0.790,57,38,47,,
T,2022-03-22 12:51:47,12.84063620,77.66372231,4,862.740,,0.640,57,38,47,,
T,2022-03-22 12:51:48,12.84064343,77.66373291,4,863.501,,1.180,58,38,47,,
T,2022-03-22 12:51:49,12.84064908,77.66374063,4,863.366,,0.330,58,38,47,,
T,2022-03-22 12:51:50,12.84065365,77.66374664,4,862.966,,0.500,58,38,47,,
T,2022-03-22 12:51:51,12.84066034,77.66375386,4,862.671,,0.760,57,38,47,,
T,2022-03-22 12:51:52,12.84066797,77.66376153,4,863.068,,0.790,57,38,47,,
T,2022-03-22 12:51:53,12.84067364,77.66376719,4,863.171,,0.330,57,38,47,,
T,2022-03-22 12:51:54,12.84067979,77.66377174,4,863.344,,0.000,,38,47,,
T,2022-03-22 12:51:55,12.84068403,77.66377770,4,862.648,,0.730,57,36,47,,
T,2022-03-22 12:51:56,12.84068790,77.66378635,4,862.265,,0.720,57,36,47,,
T,2022-03-22 12:51:57,12.84068790,77.66379275,4,860.818,,0.000,,34,47,,
T,2022-03-22 12:51:58,12.84068823,77.66379512,4,860.577,,0.000,,34,47,,
T,2022-03-22 12:51:59,12.84069158,77.66380132,4,859.789,,0.760,57,34,47,,
T,2022-03-22 12:52:00,12.84069248,77.66380540,4,859.047,,0.000,,34,47,,
T,2022-03-22 12:52:01,12.84069214,77.66380711,4,858.849,,0.000,,35,47,,
T,2022-03-22 12:52:02,12.84069376,77.66381196,4,858.953,,0.530,57,34,47,,
T,2022-03-22 12:52:03,12.84069512,77.66381619,4,858.865,,0.000,,35,47,,
T,2022-03-22 12:52:04,12.84069591,77.66381752,4,858.660,,0.000,,34,47,,
T,2022-03-22 12:52:05,12.84069759,77.66381938,4,858.618,,0.000,,34,47,,
T,2022-03-22 12:52:06,12.84069975,77.66382073,4,858.845,,0.000,,34,47,,
T,2022-03-22 12:52:07,12.84070489,77.66382593,4,858.789,,0.000,,34,47,,
T,2022-03-22 12:52:08,12.84070973,77.66383131,4,859.110,,0.000,,36,47,,
T,2022-03-22 12:52:09,12.84071508,77.66383686,4,859.092,,0.000,,36,47,,
T,2022-03-22 12:52:10,12.84071995,77.66384146,4,858.738,,0.000,,37,47,,
T,2022-03-22 12:52:11,12.84072724,77.66384715,4,858.449,,0.670,45,37,47,,
T,2022-03-22 12:52:12,12.84073807,77.66385911,4,858.146,,1.570,52,37,47,,
T,2022-03-22 12:52:13,12.84074752,77.66386931,4,856.691,,0.730,51,37,47,,
T,2022-03-22 12:52:14,12.84075696,77.66387627,4,855.182,,0.930,49,36,47,,
T,2022-03-22 12:52:15,12.84076735,77.66388398,4,854.600,,0.910,49,35,47,,
T,2022-03-22 12:52:16,12.84077696,77.66389161,4,854.183,,0.690,49,36,47,,
T,2022-03-22 12:52:17,12.84078582,77.66389991,4,853.768,,0.850,57,36,47,,
T,2022-03-22 12:52:18,12.84079248,77.66390753,4,853.390,,0.420,56,34,47,,
T,2022-03-22 12:52:19,12.84079925,77.66391642,4,852.803,,0.980,57,34,47,,
T,2022-03-22 12:52:20,12.84080572,77.66392923,4,852.504,,1.130,81,35,47,,
T,2022-03-22 12:52:21,12.84081247,77.66394189,4,852.037,,1.070,65,35,47,,
T,2022-03-22 12:52:22,12.84082081,77.66395408,4,851.619,,1.060,80,34,47,,
T,2022-03-22 12:52:23,12.84083031,77.66396532,4,851.782,,1.010,80,36,47,,
T,2022-03-22 12:52:24,12.84083927,77.66397567,4,851.812,,0.960,80,36,47,,
T,2022-03-22 12:52:25,12.84084639,77.66398688,4,852.362,,1.050,73,36,47,,
T,2022-03-22 12:52:26,12.84085328,77.66399715,4,851.866,,0.860,73,36,47,,
T,2022-03-22 12:52:27,12.84086124,77.66400777,4,851.819,,1.410,60,36,47,,
T,2022-03-22 12:52:28,12.84086903,77.66401675,4,851.346,,0.850,73,36,47,,
T,2022-03-22 12:52:29,12.84087546,77.66402302,4,851.734,,0.870,73,35,47,,
T,2022-03-22 12:52:30,12.84088225,77.66403096,4,851.554,,1.240,57,34,47,,
T,2022-03-22 12:52:31,12.84088889,77.66403949,4,851.423,,0.980,58,34,47,,
T,2022-03-22 12:52:32,12.84089444,77.66404539,4,851.827,,0.580,57,35,47,,
T,2022-03-22 12:52:33,12.84089892,77.66405202,4,851.684,,0.910,57,34,47,,
T,2022-03-22 12:52:34,12.84090261,77.66405667,4,851.294,,0.310,57,34,47,,
T,2022-03-22 12:52:35,12.84090565,77.66406282,4,851.240,,0.960,74,33,46,,
T,2022-03-22 12:52:36,12.84091013,77.66407161,4,851.125,,0.970,74,34,47,,
T,2022-03-22 12:52:37,12.84091470,77.66407953,4,850.572,,0.910,74,34,47,,
T,2022-03-22 12:52:38,12.84091957,77.66408941,4,850.251,,1.100,74,34,47,,
T,2022-03-22 12:52:39,12.84092438,77.66409834,4,849.725,,0.730,74,33,46,,
T,2022-03-22 12:52:40,12.84092862,77.66410653,4,850.167,,0.740,73,34,47,,
T,2022-03-22 12:52:41,12.84093571,77.66411589,4,850.889,,1.200,58,33,46,,
T,2022-03-22 12:52:42,12.84094311,77.66412516,4,850.809,,0.920,58,33,46,,
T,2022-03-22 12:52:43,12.84094952,77.66413219,4,851.342,,0.680,57,34,46,,
T,2022-03-22 12:52:44,12.84095702,77.66414020,4,851.461,,1.220,53,35,47,,
T,2022-03-22 12:52:45,12.84096593,77.66414889,4,851.478,,1.150,47,35,47,,
T,2022-03-22 12:52:46,12.84097417,77.66415813,4,851.150,,1.080,53,34,46,,
T,2022-03-22 12:52:47,12.84098130,77.66416630,4,850.382,,0.930,53,34,46,,
T,2022-03-22 12:52:48,12.84098854,77.66417431,4,850.011,,1.020,53,33,46,,
T,2022-03-22 12:52:49,12.84099610,77.66418154,4,849.877,,0.920,43,32,46,,
T,2022-03-22 12:52:50,12.84100291,77.66418752,4,849.881,,0.780,43,32,46,,
T,2022-03-22 12:52:51,12.84100988,77.66419469,4,849.039,,1.040,43,32,46,,
T,2022-03-22 12:52:52,12.84101672,77.66420234,4,849.244,,0.860,43,32,46,,
T,2022-03-22 12:52:53,12.84102289,77.66421085,4,848.936,,0.960,43,32,46,,
T,2022-03-22 12:52:54,12.84102920,77.66421980,4,848.519,,0.920,64,32,46,,
T,2022-03-22 12:52:55,12.84103750,77.66423004,4,848.392,,1.280,63,31,46,,
T,2022-03-22 12:52:56,12.84104660,77.66423813,4,847.875,,0.990,27,31,46,,
T,2022-03-22 12:52:57,12.84105506,77.66424265,4,847.177,,0.790,27,31,46,,
T,2022-03-22 12:52:58,12.84106040,77.66424485,4,846.748,,0.370,27,31,46,,
T,2022-03-22 12:52:59,12.84106595,77.66424802,4,846.997,,0.600,27,31,46,,
T,2022-03-22 12:53:00,12.84107505,77.66425663,4,847.895,,1.280,28,33,46,,
T,2022-03-22 12:53:01,12.84108283,77.66426633,4,847.944,,0.930,28,33,46,,
T,2022-03-22 12:53:02,12.84109103,77.66427484,4,848.485,,0.910,28,34,46,,
T,2022-03-22 12:53:03,12.84109961,77.66428234,4,848.680,,0.670,28,35,46,,
T,2022-03-22 12:53:04,12.84110670,77.66428847,4,849.017,,0.390,28,35,46,,
T,2022-03-22 12:53:05,12.84111361,77.66429433,4,849.376,,0.580,28,35,46,,
T,2022-03-22 12:53:06,12.84111932,77.66430200,4,849.049,,0.480,28,34,46,,
T,2022-03-22 12:53:07,12.84112397,77.66431099,4,849.644,,0.750,28,34,46,,
T,2022-03-22 12:53:08,12.84112865,77.66431835,4,849.619,,0.480,28,33,46,,
T,2022-03-22 12:53:09,12.84113276,77.66432528,4,849.081,,0.650,28,32,46,,
T,2022-03-22 12:53:10,12.84113705,77.66433394,4,849.172,,0.890,28,32,46,,
T,2022-03-22 12:53:11,12.84114108,77.66434169,4,848.964,,0.750,49,32,46,,
T,2022-03-22 12:53:12,12.84114788,77.66435023,4,849.110,,1.280,49,32,46,,
T,2022-03-22 12:53:13,12.84115846,77.66435837,4,849.705,,1.140,49,32,46,,
T,2022-03-22 12:53:14,12.84116812,77.66436402,4,849.464,,0.910,49,31,46,,
T,2022-03-22 12:53:15,12.84117704,77.66436867,4,849.695,,0.970,49,28,46,,
T,2022-03-22 12:53:16,12.84118503,77.66437307,4,850.116,,0.820,49,28,46,,
T,2022-03-22 12:53:17,12.84119263,77.66437754,4,850.511,,0.850,49,29,46,,
T,2022-03-22 12:53:18,12.84119929,77.66437974,4,851.376,,0.470,50,29,46,,
T,2022-03-22 12:53:19,12.84120369,77.66438037,4,851.341,,0.330,49,29,46,,
T,2022-03-22 12:53:20,12.84120879,77.66438304,4,851.486,,0.540,50,29,46,,
T,2022-03-22 12:53:21,12.84121425,77.66438565,4,851.895,,0.370,50,29,46,,
T,2022-03-22 12:53:22,12.84122030,77.66438898,4,851.734,,0.660,50,29,46,,
T,2022-03-22 12:53:23,12.84122707,77.66439560,4,849.978,,0.740,50,29,46,,
T,2022-03-22 12:53:24,12.84123470,77.66440334,4,849.768,,0.950,47,29,46,,
T,2022-03-22 12:53:25,12.84124276,77.66441320,4,849.043,,1.110,47,28,46,,
T,2022-03-22 12:53:26,12.84125081,77.66442376,4,849.596,,1.100,47,28,46,,
T,2022-03-22 12:53:27,12.84125682,77.66443251,4,849.745,,0.750,47,30,46,,
T,2022-03-22 12:53:28,12.84126281,77.66443943,4,849.799,,0.640,48,30,46,,
T,2022-03-22 12:53:29,12.84126861,77.66444440,4,849.423,,0.350,48,29,46,,
T,2022-03-22 12:53:30,12.84127466,77.66444729,4,849.190,,0.450,47,29,46,,
T,2022-03-22 12:53:31,12.84128360,77.66445015,4,849.227,,0.800,48,29,46,,
T,2022-03-22 12:53:32,12.84129474,77.66445597,4,848.797,,0.860,48,29,46,,
T,2022-03-22 12:53:33,12.84130354,77.66446094,4,848.787,,0.440,48,28,46,,
T,2022-03-22 12:53:34,12.84131371,77.66446769,4,848.753,,0.810,48,28,46,,
T,2022-03-22 12:53:35,12.84132446,77.66447379,4,848.777,,0.740,48,31,46,,
T,2022-03-22 12:53:36,12.84133450,77.66447959,4,849.031,,0.610,48,31,46,,
T,2022-03-22 12:53:37,12.84134380,77.66448556,4,848.972,,0.750,48,31,46,,
T,2022-03-22 12:53:38,12.84135372,77.66449257,4,848.410,,0.890,37,31,46,,
T,2022-03-22 12:53:39,12.84136303,77.66449938,4,848.875,,0.710,37,31,46,,
T,2022-03-22 12:53:40,12.84137044,77.66450541,4,848.151,,0.530,37,32,46,,
T,2022-03-22 12:53:41,12.84137769,77.66451088,4,847.445,,0.520,37,31,46,,
T,2022-03-22 12:53:42,12.84138578,77.66451706,4,846.968,,0.680,45,31,46,,
T,2022-03-22 12:53:43,12.84139494,77.66452460,4,846.762,,0.920,45,31,46,,
T,2022-03-22 12:53:44,12.84140238,77.66453092,4,846.858,,0.460,45,31,46,,
T,2022-03-22 12:53:45,12.84140854,77.66453676,4,846.686,,0.570,45,31,46,,
T,2022-03-22 12:53:46,12.84141758,77.66454550,4,846.458,,1.280,45,30,46,,
T,2022-03-22 12:53:47,12.84142776,77.66455525,4,846.051,,1.050,45,30,46,,
T,2022-03-22 12:53:48,12.84143513,77.66456364,4,845.860,,0.840,45,31,46,,
T,2022-03-22 12:53:49,12.84144336,77.66457288,4,846.151,,1.270,49,31,46,,
T,2022-03-22 12:53:50,12.84144911,77.66457973,4,845.643,,0.430,46,31,47,,
T,2022-03-22 12:53:51,12.84145532,77.66458516,4,845.572,,0.920,46,31,47,,
T,2022-03-22 12:53:52,12.84146437,77.66459078,4,845.444,,0.940,46,31,47,,
T,2022-03-22 12:53:53,12.84147404,77.66459554,4,845.172,,0.820,41,31,47,,
T,2022-03-22 12:53:54,12.84148306,77.66459971,4,845.087,,0.900,41,30,45,,
T,2022-03-22 12:53:55,12.84149176,77.66460456,4,844.848,,0.920,41,30,45,,
T,2022-03-22 12:53:56,12.84150139,77.66461096,4,844.846,,1.150,44,31,46,,
T,2022-03-22 12:53:57,12.84151081,77.66461667,4,845.042,,0.900,44,30,45,,
T,2022-03-22 12:53:58,12.84152136,77.66462183,4,844.915,,1.300,44,31,45,,
T,2022-03-22 12:53:59,12.84153391,77.66462798,4,845.640,,1.440,34,31,46,,
T,2022-03-22 12:54:00,12.84154445,77.66463451,4,845.623,,1.100,35,31,46,,
T,2022-03-22 12:54:01,12.84155297,77.66463988,4,845.336,,0.840,34,31,46,,
T,2022-03-22 12:54:02,12.84156239,77.66464668,4,845.050,,1.300,43,31,46,,
T,2022-03-22 12:54:03,12.84157276,77.66465444,4,845.326,,1.110,43,32,46,,
T,2022-03-22 12:54:04,12.84158155,77.66466172,4,845.426,,0.940,43,30,46,,
T,2022-03-22 12:54:05,12.84159368,77.66467053,4,846.184,,1.680,43,29,46,,
T,2022-03-22 12:54:06,12.84160544,77.66467927,4,846.305,,0.860,37,29,46,,
T,2022-03-22 12:54:07,12.84161656,77.66468663,4,846.778,,1.240,37,30,46,,
T,2022-03-22 12:54:08,12.84162812,77.66469371,4,846.748,,0.940,37,30,46,,
T,2022-03-22 12:54:09,12.84163829,77.66469923,4,846.908,,0.840,38,30,46,,
T,2022-03-22 12:54:10,12.84164800,77.66470340,4,846.727,,0.780,38,30,47,,
