type,date time,latitude,longitude,accuracy(m),altitude(m),geoid_height(m),speed(m/s),bearing(deg),sat_used,sat_inview,name,desc
T,2022-03-28 15:24:19,12.84390893,77.66315992,4,846.901,,0.830,89,27,44,20220328-205419,GPS Logger: 20220328-205419 - rawData3
T,2022-03-28 15:24:20,12.84390598,77.66316758,4,846.542,,0.740,89,28,44,,
T,2022-03-28 15:24:21,12.84390112,77.66317410,4,846.400,,0.650,89,27,44,,
T,2022-03-28 15:24:22,12.84389593,77.66317949,4,846.094,,0.510,89,25,44,,
T,2022-03-28 15:24:23,12.84389043,77.66318521,4,846.657,,0.740,122,25,43,,
T,2022-03-28 15:24:24,12.84388432,77.66319064,4,846.732,,0.710,123,25,44,,
T,2022-03-28 15:24:25,12.84387756,77.66319435,4,846.501,,0.670,123,25,44,,
T,2022-03-28 15:24:26,12.84386939,77.66319709,4,846.773,,0.900,160,24,44,,
T,2022-03-28 15:24:27,12.84386056,77.66320028,4,846.619,,0.890,159,25,44,,
T,2022-03-28 15:24:28,12.84385135,77.66320455,4,846.855,,1.090,154,25,44,,
T,2022-03-28 15:24:29,12.84384224,77.66320893,4,846.470,,0.910,154,24,44,,
T,2022-03-28 15:24:30,12.84383355,77.66321071,4,845.954,,0.970,155,23,44,,
T,2022-03-28 15:24:31,12.84382528,77.66321106,4,846.243,,0.840,173,24,44,,
T,2022-03-28 15:24:32,12.84381720,77.66321115,4,846.024,,0.870,173,24,44,,
T,2022-03-28 15:24:33,12.84380909,77.66321209,4,845.965,,0.920,174,23,44,,
T,2022-03-28 15:24:34,12.84379877,77.66321290,4,845.482,,1.290,183,23,44,,
T,2022-03-28 15:24:35,12.84378801,77.66321384,4,845.738,,1.100,173,23,44,,
T,2022-03-28 15:24:36,12.84377814,77.66321504,4,845.513,,1.110,181,23,44,,
T,2022-03-28 15:24:37,12.84376819,77.66321776,4,845.826,,1.150,173,22,44,,
T,2022-03-28 15:24:38,12.84375907,77.66322202,4,845.911,,1.090,154,23,44,,
T,2022-03-28 15:24:39,12.84375085,77.66322722,4,845.643,,1.020,155,22,44,,
T,2022-03-28 15:24:40,12.84374266,77.66323245,4,845.780,,1.020,154,21,44,,
T,2022-03-28 15:24:41,12.84373575,77.66323884,4,845.989,,0.900,154,21,44,,
T,2022-03-28 15:24:42,12.84372962,77.66324769,4,846.212,,1.140,125,21,44,,
T,2022-03-28 15:24:43,12.84372494,77.66325860,4,846.370,,0.920,125,21,44,,
T,2022-03-28 15:24:45,12.84371950,77.66327811,4,846.529,,0.930,112,21,44,,
T,2022-03-28 15:24:46,12.84371653,77.66328818,4,846.427,,0.970,112,21,44,,
T,2022-03-28 15:24:47,12.84371378,77.66329866,4,846.493,,0.940,112,23,44,,
T,2022-03-28 15:24:48,12.84371167,77.66330937,4,846.815,,0.980,111,23,44,,
T,2022-03-28 15:24:49,12.84370976,77.66332007,4,847.041,,0.960,102,23,44,,
T,2022-03-28 15:24:50,12.84370829,77.66333061,4,847.260,,1.020,102,24,44,,
T,2022-03-28 15:24:51,12.84370744,77.66334091,4,847.666,,0.940,102,23,44,,
T,2022-03-28 15:24:52,12.84370656,77.66335150,4,847.705,,1.130,103,23,44,,
T,2022-03-28 15:24:53,12.84370608,77.66336225,4,848.191,,0.980,100,21,44,,
T,2022-03-28 15:24:54,12.84370586,77.66337193,4,848.283,,0.900,100,21,44,,
T,2022-03-28 15:24:55,12.84370537,77.66338226,4,848.547,,0.990,100,23,44,,
T,2022-03-28 15:24:56,12.84370431,77.66339340,4,849.284,,1.130,102,23,44,,
T,2022-03-28 15:24:57,12.84370352,77.66340433,4,849.588,,1.000,102,23,44,,
T,2022-03-28 15:24:58,12.84370291,77.66341429,4,849.654,,1.010,102,23,44,,
T,2022-03-28 15:24:59,12.84370249,77.66342410,4,849.965,,0.960,102,23,44,,
T,2022-03-28 15:25:00,12.84370225,77.66343282,4,850.090,,0.890,102,24,44,,
T,2022-03-28 15:25:01,12.84370198,77.66344155,4,850.151,,0.970,101,24,44,,
T,2022-03-28 15:25:02,12.84370170,77.66345031,4,850.226,,0.920,101,25,44,,
T,2022-03-28 15:25:03,12.84370150,77.66346052,4,850.870,,1.210,101,25,44,,
T,2022-03-28 15:25:04,12.84370120,77.66347102,4,850.872,,0.970,98,26,44,,
T,2022-03-28 15:25:05,12.84370064,77.66347941,4,850.758,,0.760,99,26,44,,
T,2022-03-28 15:25:06,12.84369944,77.66348673,4,850.521,,0.740,99,27,44,,
T,2022-03-28 15:25:07,12.84369800,77.66349698,4,850.912,,1.270,99,27,43,,
T,2022-03-28 15:25:08,12.84369613,77.66350927,4,851.021,,1.190,99,27,44,,
T,2022-03-28 15:25:09,12.84369568,77.66351901,4,851.224,,0.740,99,27,44,,
T,2022-03-28 15:25:10,12.84369490,77.66352895,4,851.746,,1.180,102,27,44,,
T,2022-03-28 15:25:11,12.84369373,77.66354183,4,852.196,,1.390,102,27,44,,
T,2022-03-28 15:25:12,12.84369272,77.66355358,4,852.491,,0.940,105,27,44,,
T,2022-03-28 15:25:13,12.84369113,77.66356295,4,852.475,,0.850,106,27,44,,
T,2022-03-28 15:25:14,12.84368786,77.66357348,4,852.699,,1.200,113,28,44,,
T,2022-03-28 15:25:15,12.84368350,77.66358494,4,852.712,,0.990,117,28,44,,
T,2022-03-28 15:25:16,12.84367883,77.66359761,4,853.366,,1.360,116,30,44,,
T,2022-03-28 15:25:17,12.84367358,77.66360806,4,852.531,,0.840,115,29,44,,
T,2022-03-28 15:25:18,12.84366897,77.66361472,4,852.171,,0.620,115,29,44,,
T,2022-03-28 15:25:19,12.84366410,77.66362017,4,852.232,,0.780,115,31,44,,
T,2022-03-28 15:25:20,12.84365562,77.66362657,4,851.991,,1.170,144,32,44,,
T,2022-03-28 15:25:21,12.84364476,77.66363162,4,851.193,,1.000,144,32,44,,
T,2022-03-28 15:25:22,12.84363452,77.66363374,4,850.580,,0.770,144,33,44,,
T,2022-03-28 15:25:23,12.84362464,77.66363483,4,850.149,,0.800,144,33,44,,
T,2022-03-28 15:25:24,12.84361409,77.66363567,4,849.877,,0.910,144,31,44,,
T,2022-03-28 15:25:25,12.84360235,77.66363658,4,849.513,,0.960,173,31,44,,
T,2022-03-28 15:25:26,12.84359032,77.66363638,4,849.085,,0.980,173,32,44,,
T,2022-03-28 15:25:27,12.84357895,77.66363459,4,848.526,,0.830,173,32,44,,
T,2022-03-28 15:25:28,12.84356865,77.66363142,4,848.171,,0.880,193,32,44,,
T,2022-03-28 15:25:29,12.84355860,77.66362712,4,847.749,,0.880,193,33,44,,
T,2022-03-28 15:25:30,12.84354900,77.66362228,4,847.392,,0.850,192,33,44,,
T,2022-03-28 15:25:31,12.84353973,77.66361695,4,847.203,,0.900,193,32,44,,
T,2022-03-28 15:25:32,12.84352975,77.66361137,4,847.034,,1.050,194,31,44,,
T,2022-03-28 15:25:33,12.84351973,77.66360593,4,846.727,,0.980,195,31,44,,
T,2022-03-28 15:25:34,12.84351074,77.66360077,4,846.356,,0.950,195,32,44,,
T,2022-03-28 15:25:35,12.84350210,77.66359586,4,845.944,,0.920,195,32,44,,
T,2022-03-28 15:25:36,12.84349354,77.66359123,4,845.873,,0.940,198,32,44,,
T,2022-03-28 15:25:37,12.84348469,77.66358709,4,845.665,,0.940,198,32,44,,
T,2022-03-28 15:25:38,12.84347528,77.66358344,4,845.444,,0.980,198,31,44,,
T,2022-03-28 15:25:39,12.84346626,77.66358024,4,844.878,,0.890,198,30,44,,
T,2022-03-28 15:25:40,12.84345707,77.66357712,4,844.892,,1.050,201,30,44,,
T,2022-03-28 15:25:41,12.84344794,77.66357411,4,844.751,,1.000,200,29,44,,
T,2022-03-28 15:25:42,12.84344013,77.66357166,4,844.151,,0.820,201,30,44,,
T,2022-03-28 15:25:43,12.84343264,77.66356967,4,844.210,,0.890,201,30,44,,
T,2022-03-28 15:25:44,12.84342386,77.66356779,4,844.272,,1.060,197,30,44,,
T,2022-03-28 15:25:45,12.84341460,77.66356647,4,844.238,,0.990,193,31,44,,
T,2022-03-28 15:25:46,12.84340604,77.66356581,4,844.268,,0.870,194,31,44,,
T,2022-03-28 15:25:47,12.84339723,77.66356475,4,844.126,,0.960,205,31,44,,
T,2022-03-28 15:25:48,12.84338798,77.66356346,4,844.248,,1.030,204,32,44,,
T,2022-03-28 15:25:49,12.84337870,77.66356231,4,843.858,,0.920,204,31,44,,
T,2022-03-28 15:25:50,12.84336989,77.66356120,4,843.546,,0.930,202,29,44,,
T,2022-03-28 15:25:51,12.84336094,77.66355983,4,843.482,,0.970,202,30,44,,
T,2022-03-28 15:25:52,12.84335166,77.66355743,4,843.173,,1.100,202,30,44,,
T,2022-03-28 15:25:53,12.84334245,77.66355516,4,843.084,,0.930,202,30,44,,
T,2022-03-28 15:25:54,12.84333348,77.66355229,4,842.797,,0.980,201,30,44,,
T,2022-03-28 15:25:55,12.84332421,77.66354904,4,842.827,,1.030,203,31,44,,
T,2022-03-28 15:25:56,12.84331549,77.66354588,4,843.050,,0.970,201,31,44,,
T,2022-03-28 15:25:57,12.84330691,77.66354329,4,843.281,,0.980,201,31,44,,
T,2022-03-28 15:25:58,12.84329823,77.66354070,4,843.314,,0.970,204,31,44,,
T,2022-03-28 15:25:59,12.84328949,77.66353746,4,843.154,,1.030,203,30,44,,
T,2022-03-28 15:26:00,12.84328105,77.66353442,4,843.222,,0.940,204,29,44,,
T,2022-03-28 15:26:01,12.84327265,77.66353113,4,843.133,,0.990,204,29,44,,
T,2022-03-28 15:26:02,12.84326429,77.66352773,4,843.348,,0.920,203,29,44,,
T,2022-03-28 15:26:03,12.84325585,77.66352397,4,843.568,,0.950,203,27,44,,
T,2022-03-28 15:26:04,12.84324772,77.66352002,4,843.691,,0.850,203,28,44,,
T,2022-03-28 15:26:05,12.84323879,77.66351572,4,843.848,,1.090,202,29,43,,
T,2022-03-28 15:26:06,12.84322974,77.66351163,4,843.749,,0.890,203,29,43,,
T,2022-03-28 15:26:07,12.84322282,77.66350771,4,843.603,,0.760,218,29,43,,
T,2022-03-28 15:26:08,12.84321672,77.66350383,4,843.528,,0.730,218,29,43,,
T,2022-03-28 15:26:09,12.84321065,77.66349972,4,843.652,,0.710,217,29,43,,
T,2022-03-28 15:26:10,12.84320603,77.66349542,4,843.549,,0.560,218,29,43,,
T,2022-03-28 15:26:11,12.84320256,77.66349030,4,843.276,,0.610,218,28,43,,
T,2022-03-28 15:26:12,12.84319936,77.66348372,4,843.334,,0.770,243,28,43,,
T,2022-03-28 15:26:13,12.84319610,77.66347594,4,843.293,,0.800,243,27,43,,
T,2022-03-28 15:26:14,12.84319344,77.66346770,4,843.327,,0.860,243,28,43,,
T,2022-03-28 15:26:16,12.84319130,77.66345082,4,842.971,,0.850,266,29,42,,
T,2022-03-28 15:26:17,12.84319172,77.66344249,4,842.940,,0.860,266,30,43,,
T,2022-03-28 15:26:18,12.84319305,77.66343403,4,842.551,,0.860,266,30,43,,
T,2022-03-28 15:26:19,12.84319519,77.66342565,4,843.135,,0.920,278,28,43,,
T,2022-03-28 15:26:20,12.84319944,77.66341653,4,842.784,,1.140,294,29,43,,
T,2022-03-28 15:26:21,12.84320546,77.66340687,4,842.692,,1.130,280,26,43,,
T,2022-03-28 15:26:22,12.84321211,77.66339807,4,842.484,,1.030,280,25,43,,
T,2022-03-28 15:26:23,12.84321813,77.66338928,4,842.635,,1.080,295,24,43,,
T,2022-03-28 15:26:24,12.84322350,77.66337992,4,842.314,,1.100,295,23,43,,
T,2022-03-28 15:26:25,12.84322784,77.66337078,4,842.142,,0.960,295,23,43,,
T,2022-03-28 15:26:26,12.84323173,77.66336105,4,842.561,,1.180,295,24,43,,
T,2022-03-28 15:26:27,12.84323572,77.66335154,4,842.673,,0.970,295,24,43,,
T,2022-03-28 15:26:28,12.84323952,77.66334258,4,843.154,,1.060,295,23,43,,
T,2022-03-28 15:26:29,12.84324311,77.66333328,4,843.307,,1.040,295,22,43,,
T,2022-03-28 15:26:30,12.84324662,77.66332483,4,843.204,,0.950,295,22,43,,
T,2022-03-28 15:26:31,12.84325001,77.66331703,4,842.935,,0.950,301,21,43,,
T,2022-03-28 15:26:32,12.84325407,77.66330993,4,842.738,,0.870,301,21,43,,
T,2022-03-28 15:26:33,12.84325799,77.66330433,4,843.120,,0.710,301,21,43,,
T,2022-03-28 15:26:34,12.84326370,77.66329786,4,842.739,,1.210,301,24,43,,
T,2022-03-28 15:26:35,12.84326967,77.66329058,4,843.014,,0.990,301,24,43,,
T,2022-03-28 15:26:36,12.84327413,77.66328299,4,843.322,,1.120,300,24,43,,
T,2022-03-28 15:26:37,12.84327762,77.66327355,4,843.397,,1.240,287,24,42,,
T,2022-03-28 15:26:38,12.84328089,77.66326478,4,843.649,,0.810,301,24,43,,
T,2022-03-28 15:26:39,12.84328507,77.66325749,4,843.442,,1.020,301,24,43,,
T,2022-03-28 15:26:40,12.84328961,77.66325030,4,843.625,,0.950,301,21,43,,
T,2022-03-28 15:26:41,12.84329344,77.66324339,4,843.747,,0.950,301,21,43,,
T,2022-03-28 15:26:42,12.84329663,77.66323465,4,843.770,,1.100,292,21,43,,
T,2022-03-28 15:26:43,12.84330019,77.66322541,4,843.757,,1.110,296,21,42,,
T,2022-03-28 15:26:44,12.84330423,77.66321687,4,843.570,,1.010,299,21,43,,
T,2022-03-28 15:26:45,12.84330800,77.66320671,4,843.897,,1.320,296,19,43,,
T,2022-03-28 15:26:46,12.84331069,77.66319458,4,844.510,,1.330,280,20,43,,
T,2022-03-28 15:26:47,12.84331224,77.66318333,4,844.886,,1.050,280,20,43,,
T,2022-03-28 15:26:48,12.84331202,77.66316948,4,846.562,,1.650,271,20,43,,
T,2022-03-28 15:26:49,12.84331186,77.66315458,4,847.400,,1.410,271,20,43,,
T,2022-03-28 15:26:50,12.84331153,77.66314173,4,848.327,,1.250,277,20,43,,
T,2022-03-28 15:26:51,12.84331162,77.66312877,4,849.268,,1.390,278,19,43,,
T,2022-03-28 15:26:52,12.84331241,77.66311712,4,850.007,,1.090,278,20,43,,
T,2022-03-28 15:26:53,12.84331362,77.66310800,4,849.776,,0.900,278,20,43,,
T,2022-03-28 15:26:54,12.84331616,77.66309941,4,849.559,,1.020,292,20,43,,
T,2022-03-28 15:26:55,12.84331964,77.66309060,4,849.489,,1.000,292,19,43,,
T,2022-03-28 15:26:56,12.84332437,77.66308178,4,849.058,,1.080,301,19,43,,
T,2022-03-28 15:26:57,12.84332863,77.66307338,4,849.676,,0.970,300,18,43,,
T,2022-03-28 15:26:58,12.84333190,77.66306511,4,849.887,,0.980,300,18,43,,
T,2022-03-28 15:26:59,12.84333514,77.66305534,4,850.795,,1.220,288,19,43,,
T,2022-03-28 15:27:00,12.84333631,77.66304263,4,852.148,,1.420,274,18,43,,
T,2022-03-28 15:27:01,12.84333591,77.66302957,4,853.337,,1.320,268,18,43,,
T,2022-03-28 15:27:02,12.84333481,77.66301730,4,854.561,,1.310,268,18,43,,
T,2022-03-28 15:27:03,12.84333495,77.66300752,4,854.583,,0.940,271,18,43,,
T,2022-03-28 15:27:04,12.84333794,77.66299975,4,854.312,,0.980,271,18,43,,
T,2022-03-28 15:27:05,12.84334243,77.66299217,4,854.267,,0.980,271,17,43,,
T,2022-03-28 15:27:06,12.84334760,77.66298509,4,854.242,,0.970,271,18,43,,
T,2022-03-28 15:27:07,12.84335232,77.66297768,4,854.510,,0.960,271,18,43,,
T,2022-03-28 15:27:08,12.84335550,77.66296761,4,855.861,,1.420,274,18,43,,
T,2022-03-28 15:27:09,12.84335926,77.66295818,4,855.124,,1.020,278,18,43,,
T,2022-03-28 15:27:10,12.84336264,77.66295043,4,855.636,,1.030,289,18,43,,
T,2022-03-28 15:27:11,12.84336688,77.66294272,4,855.125,,1.000,290,18,43,,
T,2022-03-28 15:27:12,12.84337109,77.66293531,4,855.317,,1.020,290,19,43,,
T,2022-03-28 15:27:13,12.84337769,77.66292877,4,853.894,,1.220,313,19,43,,
T,2022-03-28 15:27:14,12.84338454,77.66292326,4,854.243,,0.890,290,19,43,,
T,2022-03-28 15:27:15,12.84339163,77.66291773,4,854.522,,1.130,290,19,43,,
T,2022-03-28 15:27:16,12.84339884,77.66291164,4,853.205,,1.040,290,19,42,,
T,2022-03-28 15:27:17,12.84340494,77.66290549,4,853.239,,0.950,310,19,43,,
T,2022-03-28 15:27:18,12.84341209,77.66289938,10,852.733,,1.110,312,19,43,,
T,2022-03-28 15:27:19,12.84341976,77.66289323,10,851.688,,1.160,305,19,43,,
T,2022-03-28 15:27:20,12.84342558,77.66288568,10,852.066,,1.050,292,19,43,,
T,2022-03-28 15:27:21,12.84342988,77.66287862,10,851.764,,0.920,293,19,43,,
T,2022-03-28 15:27:22,12.84343338,77.66287158,10,851.590,,0.970,293,19,43,,
T,2022-03-28 15:27:23,12.84343827,77.66286421,4,850.809,,0.990,293,19,43,,
T,2022-03-28 15:27:24,12.84344336,77.66285809,4,850.345,,0.870,293,19,43,,
T,2022-03-28 15:27:25,12.84344834,77.66285161,4,849.835,,0.950,293,19,43,,
T,2022-03-28 15:27:26,12.84345296,77.66284429,4,849.757,,0.970,293,19,43,,
T,2022-03-28 15:27:27,12.84345652,77.66283597,4,850.070,,1.060,288,19,43,,
T,2022-03-28 15:27:28,12.84346154,77.66282710,4,849.507,,1.190,295,20,43,,
T,2022-03-28 15:27:29,12.84346618,77.66281823,4,849.880,,1.030,290,20,43,,
T,2022-03-28 15:27:30,12.84347027,77.66281014,4,850.031,,0.980,293,20,43,,
T,2022-03-28 15:27:31,12.84347484,77.66280196,4,849.594,,1.090,293,20,43,,
T,2022-03-28 15:27:32,12.84347915,77.66279357,4,849.693,,0.970,293,20,43,,
T,2022-03-28 15:27:33,12.84348484,77.66278602,4,849.555,,1.000,303,20,43,,
T,2022-03-28 15:27:34,12.84349063,77.66277823,4,849.520,,1.010,300,20,43,,
T,2022-03-28 15:27:35,12.84349672,77.66277118,4,848.734,,0.960,306,20,43,,
T,2022-03-28 15:27:36,12.84350233,77.66276399,4,848.827,,0.950,296,21,43,,
T,2022-03-28 15:27:37,12.84350778,77.66275663,4,848.816,,0.950,296,20,43,,
T,2022-03-28 15:27:38,12.84351328,77.66274875,4,848.859,,1.040,296,21,43,,
T,2022-03-28 15:27:39,12.84351819,77.66274077,4,848.938,,0.980,296,22,43,,
T,2022-03-28 15:27:40,12.84352291,77.66273348,4,848.693,,0.950,296,22,43,,
T,2022-03-28 15:27:41,12.84352879,77.66272698,4,847.691,,0.970,314,22,43,,
T,2022-03-28 15:27:42,12.84353473,77.66272069,4,847.636,,0.940,312,22,43,,
T,2022-03-28 15:27:43,12.84354048,77.66271405,4,847.546,,1.020,300,21,43,,
T,2022-03-28 15:27:44,12.84354613,77.66270701,4,847.214,,1.020,301,20,43,,
T,2022-03-28 15:27:45,12.84355120,77.66270030,4,847.065,,0.870,307,19,43,,
T,2022-03-28 15:27:46,12.84355649,77.66269295,4,847.085,,1.100,305,20,43,,
T,2022-03-28 15:27:47,12.84356180,77.66268523,4,847.036,,0.960,300,21,43,,
T,2022-03-28 15:27:48,12.84356651,77.66267780,4,846.966,,1.050,300,21,43,,
T,2022-03-28 15:27:49,12.84356924,77.66266855,4,848.704,,0.910,299,21,43,,
T,2022-03-28 15:27:50,12.84357239,77.66266039,4,848.732,,0.920,299,23,43,,
T,2022-03-28 15:27:51,12.84357746,77.66265315,4,848.265,,1.070,299,24,43,,
T,2022-03-28 15:27:53,12.84358895,77.66263994,4,848.463,,0.930,316,24,43,,
T,2022-03-28 15:27:54,12.84359373,77.66263499,4,847.880,,0.670,317,24,43,,
T,2022-03-28 15:27:55,12.84360206,77.66263132,4,846.833,,1.210,347,27,43,,
T,2022-03-28 15:27:56,12.84360882,77.66262808,4,848.186,,0.460,347,27,43,,
T,2022-03-28 15:27:57,12.84361633,77.66262789,4,846.345,,0.950,347,27,43,,
T,2022-03-28 15:27:58,12.84362629,77.66262865,4,845.926,,1.030,347,27,43,,
T,2022-03-28 15:27:59,12.84363648,77.66263034,4,845.372,,1.050,347,27,43,,
T,2022-03-28 15:28:00,12.84364587,77.66263291,4,845.370,,0.930,347,27,43,,
T,2022-03-28 15:28:01,12.84365420,77.66263581,4,845.325,,0.880,347,25,43,,
T,2022-03-28 15:28:02,12.84366340,77.66263823,4,844.663,,0.870,347,24,43,,
T,2022-03-28 15:28:03,12.84367314,77.66264106,4,844.339,,0.940,347,25,43,,
T,2022-03-28 15:28:04,12.84368218,77.66264465,4,844.398,,0.790,347,26,43,,
T,2022-03-28 15:28:05,12.84369010,77.66264715,4,844.802,,0.810,3,27,43,,
T,2022-03-28 15:28:06,12.84370030,77.66265223,4,843.153,,1.220,21,27,43,,
T,2022-03-28 15:28:07,12.84370974,77.66265659,4,843.038,,0.830,4,27,43,,
T,2022-03-28 15:28:08,12.84371761,77.66266153,4,842.821,,0.890,4,27,43,,
T,2022-03-28 15:28:09,12.84372549,77.66266672,4,842.315,,0.880,4,27,43,,
T,2022-03-28 15:28:10,12.84373392,77.66267232,4,842.185,,0.970,4,27,43,,
T,2022-03-28 15:28:11,12.84374543,77.66267741,4,842.624,,1.450,16,25,43,,
T,2022-03-28 15:28:12,12.84376001,77.66268124,4,842.462,,1.580,7,25,42,,
T,2022-03-28 15:28:13,12.84377452,77.66268442,4,843.309,,1.420,10,23,42,,
T,2022-03-28 15:28:14,12.84378580,77.66268729,4,843.296,,0.940,11,22,42,,
T,2022-03-28 15:28:15,12.84379499,77.66268966,4,842.484,,0.690,10,20,42,,
T,2022-03-28 15:28:16,12.84380376,77.66269296,4,842.845,,0.770,10,22,42,,
T,2022-03-28 15:28:17,12.84381183,77.66269647,4,842.423,,0.660,33,24,42,,
T,2022-03-28 15:28:18,12.84381913,77.66270052,4,841.531,,0.710,33,24,42,,
T,2022-03-28 15:28:19,12.84382641,77.66270444,4,841.177,,0.770,33,24,42,,
T,2022-03-28 15:28:20,12.84383405,77.66270844,4,841.366,,0.880,33,24,42,,
T,2022-03-28 15:28:21,12.84384243,77.66271207,4,841.486,,0.860,33,24,42,,
T,2022-03-28 15:28:22,12.84385034,77.66271556,4,841.969,,0.690,32,24,42,,
T,2022-03-28 15:28:23,12.84385927,77.66272041,4,841.459,,1.100,35,24,42,,
T,2022-03-28 15:28:24,12.84386971,77.66272563,4,840.820,,1.100,35,21,42,,
T,2022-03-28 15:28:25,12.84387863,77.66273028,10,840.722,,0.900,35,21,42,,
T,2022-03-28 15:28:26,12.84388661,77.66273452,10,840.320,,0.950,35,21,42,,
T,2022-03-28 15:28:27,12.84389359,77.66273961,10,838.875,,0.880,39,21,42,,
T,2022-03-28 15:28:28,12.84390122,77.66274407,10,839.479,,0.660,39,22,42,,
T,2022-03-28 15:28:29,12.84391016,77.66274733,10,840.301,,0.750,38,24,42,,
T,2022-03-28 15:28:30,12.84391921,77.66275142,10,840.148,,0.880,38,27,42,,
T,2022-03-28 15:28:31,12.84392993,77.66275446,10,841.082,,0.950,28,27,42,,
T,2022-03-28 15:28:32,12.84393986,77.66275574,10,841.666,,0.720,28,27,42,,
T,2022-03-28 15:28:33,12.84394711,77.66275668,11,841.685,,0.600,28,27,43,,
T,2022-03-28 15:28:34,12.84395285,77.66275915,11,841.401,,0.600,28,27,43,,
T,2022-03-28 15:28:35,12.84395687,77.66276215,10,841.651,,0.470,28,27,43,,
T,2022-03-28 15:28:36,12.84396044,77.66276388,10,842.396,,0.410,28,22,43,,
T,2022-03-28 15:28:37,12.84396279,77.66276627,11,842.843,,0.410,28,23,43,,
T,2022-03-28 15:28:38,12.84396939,77.66276250,11,843.737,,0.000,,22,43,,
T,2022-03-28 15:28:39,12.84397561,77.66275882,11,844.143,,0.000,,23,43,,
T,2022-03-28 15:28:40,12.84398052,77.66275447,11,844.236,,0.000,,22,43,,
T,2022-03-28 15:28:41,12.84398416,77.66275240,10,844.493,,0.000,,20,43,,
T,2022-03-28 15:28:42,12.84398747,77.66275137,10,844.680,,0.000,,21,43,,
T,2022-03-28 15:28:43,12.84399442,77.66274872,10,844.548,,0.720,28,21,43,,
T,2022-03-28 15:28:44,12.84400429,77.66274527,10,844.006,,1.170,340,24,43,,
T,2022-03-28 15:28:45,12.84401325,77.66273956,4,844.250,,0.760,28,22,43,,
T,2022-03-28 15:28:46,12.84401921,77.66273346,4,843.972,,0.760,28,22,43,,
T,2022-03-28 15:28:47,12.84402395,77.66272761,4,843.960,,0.820,306,22,43,,
T,2022-03-28 15:28:48,12.84402917,77.66272059,4,842.695,,0.920,306,23,43,,
T,2022-03-28 15:28:49,12.84403411,77.66271124,4,842.618,,1.340,296,23,43,,
T,2022-03-28 15:28:50,12.84403743,77.66270200,4,842.156,,0.930,291,21,43,,
T,2022-03-28 15:28:51,12.84403971,77.66269359,4,841.521,,1.030,287,21,43,,
T,2022-03-28 15:28:52,12.84404282,77.66268414,4,841.891,,1.220,286,20,43,,
T,2022-03-28 15:28:53,12.84404640,77.66267392,4,841.350,,1.180,287,21,43,,
T,2022-03-28 15:28:54,12.84405117,77.66266352,4,841.595,,1.400,287,21,43,,
T,2022-03-28 15:28:55,12.84405616,77.66265639,4,841.898,,0.670,287,22,43,,
T,2022-03-28 15:28:56,12.84406048,77.66264937,4,843.589,,1.120,290,26,43,,
T,2022-03-28 15:28:57,12.84406521,77.66264236,4,843.187,,0.750,290,27,43,,
T,2022-03-28 15:28:58,12.84406826,77.66263427,4,843.304,,1.030,290,27,43,,
T,2022-03-28 15:28:59,12.84407090,77.66262404,4,843.854,,1.120,286,27,43,,
T,2022-03-28 15:29:00,12.84407350,77.66261383,4,843.769,,1.050,286,27,43,,
T,2022-03-28 15:29:01,12.84407577,77.66260375,4,843.593,,1.050,286,27,43,,
T,2022-03-28 15:29:02,12.84407749,77.66259363,4,843.494,,0.970,286,24,43,,
T,2022-03-28 15:29:03,12.84407906,77.66258439,4,843.307,,0.910,286,24,43,,
T,2022-03-28 15:29:04,12.84408140,77.66257473,4,844.257,,1.060,286,23,43,,
T,2022-03-28 15:29:05,12.84408292,77.66256578,4,844.362,,0.870,286,23,43,,
T,2022-03-28 15:29:06,12.84408341,77.66255651,4,843.812,,1.030,286,21,43,,
T,2022-03-28 15:29:07,12.84408366,77.66254675,4,843.708,,0.980,281,22,43,,
T,2022-03-28 15:29:08,12.84408514,77.66253722,4,843.876,,1.050,281,23,43,,
T,2022-03-28 15:29:09,12.84408681,77.66252905,4,843.896,,0.770,281,23,43,,
T,2022-03-28 15:29:10,12.84408867,77.66252074,4,843.775,,0.970,281,23,43,,
T,2022-03-28 15:29:11,12.84409035,77.66251142,4,843.856,,0.920,281,23,43,,
T,2022-03-28 15:29:12,12.84409264,77.66250237,4,843.515,,0.930,281,22,43,,
T,2022-03-28 15:29:13,12.84409386,77.66249198,4,843.455,,1.120,281,23,43,,
T,2022-03-28 15:29:14,12.84409526,77.66248212,4,843.046,,0.850,281,23,43,,
T,2022-03-28 15:29:15,12.84409666,77.66247357,4,842.911,,0.890,281,22,43,,
T,2022-03-28 15:29:16,12.84410151,77.66246539,4,842.535,,0.920,287,23,43,,
T,2022-03-28 15:29:17,12.84410660,77.66245690,4,843.720,,0.990,287,25,43,,
T,2022-03-28 15:29:18,12.84411325,77.66244891,4,845.100,,0.880,287,29,42,,
T,2022-03-28 15:29:19,12.84411948,77.66244047,4,846.089,,0.940,310,31,43,,
T,2022-03-28 15:29:20,12.84412520,77.66243150,4,845.899,,0.950,287,32,43,,
T,2022-03-28 15:29:21,12.84412911,77.66242339,4,846.665,,0.670,294,32,43,,
T,2022-03-28 15:29:22,12.84413203,77.66241581,4,846.860,,0.700,294,33,43,,
T,2022-03-28 15:29:23,12.84413655,77.66240825,4,846.477,,0.820,294,33,43,,
T,2022-03-28 15:29:24,12.84414146,77.66240005,4,846.266,,0.820,327,32,43,,
T,2022-03-28 15:29:25,12.84414575,77.66239401,4,846.708,,0.680,327,31,43,,
T,2022-03-28 15:29:26,12.84415079,77.66238829,4,846.538,,0.950,327,31,43,,
T,2022-03-28 15:29:27,12.84415875,77.66238286,4,845.797,,1.130,327,31,43,,
T,2022-03-28 15:29:28,12.84416698,77.66237849,4,846.078,,0.960,327,28,43,,
T,2022-03-28 15:29:29,12.84417405,77.66237581,4,845.256,,0.720,351,27,43,,
T,2022-03-28 15:29:30,12.84418092,77.66237366,4,846.973,,0.570,350,29,43,,
T,2022-03-28 15:29:31,12.84418807,77.66237315,4,846.967,,0.750,350,29,43,,
T,2022-03-28 15:29:32,12.84419126,77.66237282,4,847.040,,0.000,,29,43,,
T,2022-03-28 15:29:33,12.84419126,77.66237329,4,847.172,,0.000,,29,43,,
T,2022-03-28 15:29:34,12.84419756,77.66237319,4,847.156,,0.820,350,29,43,,
T,2022-03-28 15:29:35,12.84420712,77.66237316,4,847.310,,0.980,350,28,43,,
T,2022-03-28 15:29:36,12.84421627,77.66237308,4,847.465,,0.870,350,28,43,,
T,2022-03-28 15:29:37,12.84422311,77.66237332,4,847.724,,0.590,350,28,43,,
T,2022-03-28 15:29:38,12.84422482,77.66237481,4,847.574,,0.000,,28,43,,
T,2022-03-28 15:29:39,12.84422526,77.66237551,4,847.710,,0.000,,26,43,,
T,2022-03-28 15:29:40,12.84422722,77.66237564,4,847.815,,0.000,,26,43,,
T,2022-03-28 15:29:41,12.84423219,77.66237485,4,848.077,,0.490,350,26,43,,
T,2022-03-28 15:29:42,12.84423978,77.66237354,4,848.532,,0.770,350,27,43,,
T,2022-03-28 15:29:43,12.84424964,77.66237292,4,849.301,,0.750,2,26,43,,
T,2022-03-28 15:29:44,12.84426265,77.66237172,4,849.435,,0.580,2,29,43,,
T,2022-03-28 15:29:45,12.84427397,77.66237127,4,849.505,,0.670,2,30,43,,
T,2022-03-28 15:29:46,12.84428596,77.66237152,4,849.585,,0.870,2,30,43,,
T,2022-03-28 15:29:47,12.84429609,77.66237003,4,851.725,,0.670,347,30,43,,
T,2022-03-28 15:29:48,12.84430552,77.66236848,4,851.635,,0.590,347,30,43,,
T,2022-03-28 15:29:49,12.84431447,77.66236676,4,852.215,,0.700,347,30,43,,
T,2022-03-28 15:29:50,12.84432444,77.66236516,4,852.361,,0.890,347,29,43,,
T,2022-03-28 15:29:51,12.84433491,77.66236370,4,852.359,,0.910,347,28,43,,
T,2022-03-28 15:29:52,12.84434354,77.66236296,4,852.189,,0.700,347,28,43,,
T,2022-03-28 15:29:53,12.84435086,77.66236314,4,852.214,,0.690,347,28,43,,
T,2022-03-28 15:29:54,12.84435698,77.66236447,4,852.126,,0.540,347,23,43,,
T,2022-03-28 15:29:55,12.84436416,77.66236633,4,851.823,,0.910,347,22,43,,
T,2022-03-28 15:29:56,12.84437290,77.66236778,4,851.802,,0.870,347,23,43,,
T,2022-03-28 15:29:57,12.84438017,77.66236715,4,854.153,,0.760,347,23,43,,
T,2022-03-28 15:29:58,12.84439004,77.66236381,4,854.614,,1.370,332,25,43,,
T,2022-03-28 15:29:59,12.84439901,77.66235974,4,855.138,,0.950,333,25,43,,
T,2022-03-28 15:30:00,12.84440624,77.66235712,4,855.394,,0.880,333,26,43,,
T,2022-03-28 15:30:01,12.84441451,77.66235567,4,855.280,,1.060,333,26,43,,
T,2022-03-28 15:30:02,12.84442528,77.66235664,4,854.026,,1.240,359,25,43,,
T,2022-03-28 15:30:03,12.84443644,77.66235763,4,854.103,,1.220,359,25,43,,
T,2022-03-28 15:30:04,12.84444575,77.66235958,4,853.942,,0.980,359,25,43,,
T,2022-03-28 15:30:05,12.84444662,77.66236120,4,854.068,,0.000,,25,43,,
T,2022-03-28 15:30:06,12.84444629,77.66236258,4,853.543,,0.000,,22,43,,
T,2022-03-28 15:30:07,12.84444692,77.66236360,4,853.194,,0.000,,21,43,,
T,2022-03-28 15:30:08,12.84444806,77.66236508,4,852.755,,0.000,,22,43,,
T,2022-03-28 15:30:09,12.84445873,77.66236850,4,852.836,,1.630,15,23,43,,
T,2022-03-28 15:30:10,12.84447137,77.66237114,4,853.172,,1.000,360,22,43,,
T,2022-03-28 15:30:11,12.84448232,77.66237296,4,852.931,,1.140,3,22,43,,
T,2022-03-28 15:30:12,12.84449238,77.66237328,4,853.190,,0.920,360,21,43,,
T,2022-03-28 15:30:13,12.84450324,77.66237507,4,853.582,,1.230,7,21,43,,
T,2022-03-28 15:30:14,12.84451563,77.66237579,4,855.807,,0.950,10,21,43,,
T,2022-03-28 15:30:15,12.84452650,77.66237741,4,856.046,,0.970,10,25,43,,
T,2022-03-28 15:30:16,12.84453600,77.66237769,4,857.079,,0.740,10,25,43,,
T,2022-03-28 15:30:17,12.84454541,77.66237593,4,857.071,,0.930,10,26,43,,
T,2022-03-28 15:30:18,12.84455489,77.66237445,4,856.709,,0.770,10,26,43,,
T,2022-03-28 15:30:19,12.84456474,77.66237248,4,856.545,,0.950,10,26,43,,
T,2022-03-28 15:30:20,12.84457525,77.66237133,4,856.676,,0.940,10,26,43,,
T,2022-03-28 15:30:21,12.84458368,77.66237115,4,856.686,,0.640,11,25,43,,
T,2022-03-28 15:30:22,12.84459057,77.66237214,4,856.936,,0.500,11,25,43,,
T,2022-03-28 15:30:23,12.84459737,77.66237513,4,856.778,,0.420,11,23,42,,
T,2022-03-28 15:30:24,12.84460659,77.66237716,4,858.076,,0.740,11,23,43,,
T,2022-03-28 15:30:25,12.84462089,77.66237814,4,859.822,,1.320,3,24,43,,
T,2022-03-28 15:30:26,12.84463663,77.66237692,4,860.796,,1.000,3,25,43,,
T,2022-03-28 15:30:27,12.84465001,77.66237585,10,859.450,,0.570,3,27,43,,
T,2022-03-28 15:30:28,12.84466575,77.66237571,10,859.276,,1.200,3,28,43,,
T,2022-03-28 15:30:29,12.84467930,77.66237526,10,859.051,,0.330,3,28,43,,
T,2022-03-28 15:30:30,12.84468951,77.66237577,10,859.230,,0.640,3,28,43,,
T,2022-03-28 15:30:31,12.84470178,77.66237790,10,858.440,,0.870,3,28,43,,
T,2022-03-28 15:30:32,12.84471594,77.66238029,10,858.436,,1.160,3,28,43,,
T,2022-03-28 15:30:33,12.84472982,77.66238287,10,858.161,,0.980,3,28,43,,
T,2022-03-28 15:30:34,12.84474163,77.66238429,10,858.212,,0.830,3,27,43,,
T,2022-03-28 15:30:35,12.84475147,77.66238504,10,858.766,,0.770,3,26,43,,
T,2022-03-28 15:30:36,12.84476149,77.66238510,10,859.254,,0.970,3,22,43,,
T,2022-03-28 15:30:37,12.84476967,77.66238503,10,858.963,,0.530,3,22,43,,
T,2022-03-28 15:30:38,12.84477575,77.66238609,10,858.735,,0.550,3,24,43,,
T,2022-03-28 15:30:39,12.84477940,77.66238885,10,858.204,,0.280,3,24,43,,
T,2022-03-28 15:30:40,12.84478087,77.66239287,10,858.072,,0.350,3,24,43,,
T,2022-03-28 15:30:41,12.84478044,77.66239760,10,857.141,,0.340,3,24,43,,
T,2022-03-28 15:30:42,12.84478134,77.66239887,10,855.810,,0.000,,25,43,,
T,2022-03-28 15:30:43,12.84478533,77.66240036,10,854.444,,0.460,3,25,43,,
T,2022-03-28 15:30:44,12.84478900,77.66240508,10,854.360,,0.600,3,24,43,,
T,2022-03-28 15:30:45,12.84479190,77.66241156,10,854.020,,0.740,84,25,43,,
T,2022-03-28 15:30:46,12.84479394,77.66241987,10,854.093,,0.900,89,25,43,,
T,2022-03-28 15:30:47,12.84479574,77.66242962,4,854.218,,0.940,88,25,43,,
T,2022-03-28 15:30:48,12.84479707,77.66243962,4,853.923,,0.900,92,24,43,,
T,2022-03-28 15:30:49,12.84479869,77.66245082,4,853.421,,1.210,89,24,43,,
T,2022-03-28 15:30:50,12.84480062,77.66246192,4,853.148,,0.930,88,23,43,,
T,2022-03-28 15:30:51,12.84480158,77.66247146,4,851.858,,0.960,95,21,43,,
T,2022-03-28 15:30:52,12.84480241,77.66248213,4,850.897,,1.150,98,22,43,,
T,2022-03-28 15:30:53,12.84480319,77.66249344,4,849.933,,0.930,97,21,43,,
T,2022-03-28 15:30:54,12.84480456,77.66250572,4,849.725,,1.090,93,22,43,,
T,2022-03-28 15:30:55,12.84480645,77.66251579,4,848.730,,0.640,93,23,43,,
T,2022-03-28 15:30:56,12.84480639,77.66252522,4,848.137,,1.010,93,23,43,,
T,2022-03-28 15:30:57,12.84480619,77.66253484,4,847.778,,0.900,99,21,42,,
T,2022-03-28 15:30:58,12.84480665,77.66254367,4,847.241,,0.900,99,21,42,,
T,2022-03-28 15:30:59,12.84480780,77.66255274,4,847.217,,0.860,99,22,42,,
T,2022-03-28 15:31:00,12.84480774,77.66256158,4,846.562,,0.990,99,21,42,,
T,2022-03-28 15:31:01,12.84480770,77.66257044,4,846.715,,0.900,93,23,42,,
T,2022-03-28 15:31:02,12.84480737,77.66257797,4,846.487,,0.700,93,24,42,,
T,2022-03-28 15:31:03,12.84481037,77.66258806,4,846.938,,1.360,72,25,42,,
T,2022-03-28 15:31:04,12.84481556,77.66259819,4,846.498,,0.770,73,27,42,,
T,2022-03-28 15:31:05,12.84482186,77.66260554,4,846.189,,0.760,63,26,42,,
T,2022-03-28 15:31:06,12.84482975,77.66261290,4,845.947,,0.950,62,28,42,,
T,2022-03-28 15:31:07,12.84483835,77.66261974,4,845.904,,0.880,62,30,42,,
T,2022-03-28 15:31:08,12.84485551,77.66262224,4,847.164,,2.170,354,30,42,,
T,2022-03-28 15:31:09,12.84487250,77.66262184,4,847.520,,0.960,4,30,42,,
T,2022-03-28 15:31:10,12.84488572,77.66261930,4,848.199,,1.370,355,30,43,,
T,2022-03-28 15:31:11,12.84490001,77.66261748,4,848.434,,1.300,360,31,43,,
T,2022-03-28 15:31:12,12.84491160,77.66261717,4,848.647,,1.020,0,31,43,,
T,2022-03-28 15:31:13,12.84492135,77.66261695,4,848.720,,0.920,0,31,43,,
T,2022-03-28 15:31:14,12.84493017,77.66261699,4,848.718,,0.860,1,30,43,,
T,2022-03-28 15:31:15,12.84493789,77.66261717,4,849.145,,0.770,0,30,43,,
T,2022-03-28 15:31:16,12.84494502,77.66261751,4,849.411,,0.830,357,30,43,,
T,2022-03-28 15:31:17,12.84495256,77.66261763,4,849.915,,0.830,358,31,43,,
T,2022-03-28 15:31:18,12.84496158,77.66261814,4,849.931,,1.100,4,31,43,,
T,2022-03-28 15:31:19,12.84497125,77.66261949,4,850.284,,0.990,10,31,43,,
T,2022-03-28 15:31:20,12.84498195,77.66262027,4,850.268,,1.340,5,31,43,,
T,2022-03-28 15:31:21,12.84499258,77.66262015,4,850.607,,0.970,1,31,43,,
T,2022-03-28 15:31:22,12.84500177,77.66261985,4,850.656,,1.060,4,30,43,,
T,2022-03-28 15:31:23,12.84501103,77.66261978,4,850.285,,1.070,2,30,43,,
T,2022-03-28 15:31:24,12.84502066,77.66261999,4,850.581,,1.070,4,31,43,,
T,2022-03-28 15:31:25,12.84503018,77.66262035,4,850.552,,1.090,1,31,43,,
T,2022-03-28 15:31:26,12.84503978,77.66262021,4,850.525,,1.000,2,31,43,,
T,2022-03-28 15:31:27,12.84504917,77.66261965,4,850.891,,0.980,1,32,43,,
T,2022-03-28 15:31:28,12.84505752,77.66262032,4,850.683,,0.950,2,33,43,,
T,2022-03-28 15:31:29,12.84506646,77.66262123,4,850.715,,1.080,8,31,43,,
T,2022-03-28 15:31:30,12.84507565,77.66262235,4,851.210,,0.970,10,31,43,,
T,2022-03-28 15:31:31,12.84508305,77.66262341,4,851.393,,0.760,8,31,43,,
T,2022-03-28 15:31:32,12.84509049,77.66262450,4,851.792,,0.940,8,32,43,,
T,2022-03-28 15:31:33,12.84509927,77.66262525,4,852.082,,0.970,8,32,43,,
T,2022-03-28 15:31:34,12.84510775,77.66262616,4,852.245,,0.950,8,32,43,,
T,2022-03-28 15:31:35,12.84511709,77.66262747,4,852.235,,1.110,9,32,43,,
T,2022-03-28 15:31:36,12.84512597,77.66262828,4,852.121,,0.860,8,33,43,,
T,2022-03-28 15:31:37,12.84513483,77.66262972,4,852.175,,1.120,11,34,43,,
T,2022-03-28 15:31:38,12.84514402,77.66263093,4,852.390,,0.960,8,34,43,,
T,2022-03-28 15:31:39,12.84515281,77.66263125,4,852.423,,0.830,11,33,43,,
T,2022-03-28 15:31:40,12.84516327,77.66263280,4,852.249,,1.300,11,34,43,,
T,2022-03-28 15:31:41,12.84517368,77.66263466,4,852.445,,0.920,11,34,43,,
T,2022-03-28 15:31:42,12.84518192,77.66263590,4,852.470,,0.820,11,34,43,,
T,2022-03-28 15:31:43,12.84518978,77.66263673,4,852.868,,0.850,11,33,43,,
T,2022-03-28 15:31:44,12.84519827,77.66263730,4,853.167,,0.860,11,33,43,,
T,2022-03-28 15:31:45,12.84520810,77.66263794,4,853.337,,1.140,8,32,43,,
T,2022-03-28 15:31:46,12.84521736,77.66263722,4,853.137,,1.020,1,32,43,,
T,2022-03-28 15:31:47,12.84522658,77.66263611,4,852.528,,0.930,8,32,43,,
T,2022-03-28 15:31:48,12.84523449,77.66263543,4,851.719,,0.630,8,32,43,,
T,2022-03-28 15:31:49,12.84524216,77.66263489,4,851.500,,0.830,3,33,43,,
T,2022-03-28 15:31:50,12.84525225,77.66263447,4,851.298,,1.090,360,33,43,,
T,2022-03-28 15:31:51,12.84526336,77.66263390,4,851.388,,0.950,2,34,43,,
T,2022-03-28 15:31:52,12.84527503,77.66263315,4,851.274,,1.240,359,34,43,,
T,2022-03-28 15:31:53,12.84528607,77.66263296,4,850.651,,0.980,2,34,43,,
T,2022-03-28 15:31:54,12.84529532,77.66263391,4,850.475,,0.800,2,34,43,,
T,2022-03-28 15:31:55,12.84530473,77.66263683,4,850.455,,0.960,22,34,43,,
T,2022-03-28 15:31:56,12.84531370,77.66264001,4,850.448,,0.870,22,33,43,,
T,2022-03-28 15:31:57,12.84532329,77.66264553,4,850.560,,1.280,22,32,43,,
T,2022-03-28 15:31:58,12.84533305,77.66265257,4,849.928,,1.140,36,31,43,,
T,2022-03-28 15:31:59,12.84534131,77.66266072,4,850.036,,1.130,42,31,43,,
T,2022-03-28 15:32:00,12.84534860,77.66266910,4,849.452,,1.040,40,32,43,,
T,2022-03-28 15:32:01,12.84535596,77.66267787,4,849.711,,1.140,36,32,43,,
T,2022-03-28 15:32:02,12.84536240,77.66268823,4,849.783,,1.240,61,32,43,,
T,2022-03-28 15:32:03,12.84536675,77.66269913,4,849.516,,1.050,62,32,43,,
T,2022-03-28 15:32:04,12.84536858,77.66271173,4,849.451,,1.280,76,33,43,,
T,2022-03-28 15:32:05,12.84536847,77.66272446,4,848.933,,1.010,86,33,43,,
T,2022-03-28 15:32:06,12.84536663,77.66273610,4,848.968,,1.060,90,33,43,,
T,2022-03-28 15:32:07,12.84536375,77.66274935,4,849.250,,1.340,99,33,43,,
T,2022-03-28 15:32:08,12.84536026,77.66276109,4,849.048,,0.900,93,33,43,,
T,2022-03-28 15:32:09,12.84535704,77.66277198,4,848.994,,1.100,93,33,43,,
T,2022-03-28 15:32:10,12.84535375,77.66278260,4,848.312,,0.860,108,32,43,,
T,2022-03-28 15:32:11,12.84535278,77.66279398,4,848.811,,1.260,91,31,43,,
T,2022-03-28 15:32:12,12.84535365,77.66280549,4,849.047,,0.980,106,31,43,,
T,2022-03-28 15:32:13,12.84535478,77.66281612,4,848.938,,1.100,106,31,43,,
T,2022-03-28 15:32:14,12.84535428,77.66282706,4,848.557,,1.020,106,31,43,,
T,2022-03-28 15:32:15,12.84535407,77.66283839,4,848.480,,1.180,94,31,43,,
T,2022-03-28 15:32:16,12.84535420,77.66284910,4,848.546,,0.950,92,32,43,,
T,2022-03-28 15:32:17,12.84535566,77.66285859,4,848.545,,0.940,92,32,43,,
T,2022-03-28 15:32:18,12.84535733,77.66286944,4,848.526,,1.300,91,33,43,,
T,2022-03-28 15:32:19,12.84535894,77.66288010,4,848.146,,0.940,92,32,43,,
T,2022-03-28 15:32:20,12.84535959,77.66289088,4,847.881,,1.330,92,32,43,,
T,2022-03-28 15:32:21,12.84535994,77.66290333,4,847.875,,0.980,92,32,43,,
T,2022-03-28 15:32:23,12.84535925,77.66292476,4,848.457,,1.210,97,33,43,,
T,2022-03-28 15:32:24,12.84535794,77.66293595,4,848.386,,1.100,96,33,43,,
T,2022-03-28 15:32:25,12.84535766,77.66294488,4,848.120,,0.730,95,33,43,,
T,2022-03-28 15:32:26,12.84535765,77.66295500,4,848.633,,1.240,95,33,43,,
T,2022-03-28 15:32:27,12.84535794,77.66296562,4,848.128,,0.810,95,33,43,,
T,2022-03-28 15:32:28,12.84535872,77.66297670,4,848.273,,1.280,92,33,43,,
T,2022-03-28 15:32:29,12.84536019,77.66298739,4,848.134,,0.900,92,33,43,,
T,2022-03-28 15:32:30,12.84536160,77.66299651,4,848.390,,0.930,92,32,43,,
T,2022-03-28 15:32:31,12.84536273,77.66300531,4,848.637,,0.870,92,33,43,,
T,2022-03-28 15:32:32,12.84536419,77.66301335,4,848.917,,0.750,92,33,43,,
T,2022-03-28 15:32:33,12.84536498,77.66302183,4,849.449,,0.970,97,33,43,,
T,2022-03-28 15:32:34,12.84536395,77.66303108,4,849.122,,1.020,97,33,43,,
T,2022-03-28 15:32:35,12.84536207,77.66303940,4,848.679,,0.790,97,33,43,,
T,2022-03-28 15:32:36,12.84536043,77.66304702,4,848.582,,0.880,97,33,43,,
T,2022-03-28 15:32:37,12.84535951,77.66305590,4,848.393,,0.920,89,33,43,,
T,2022-03-28 15:32:38,12.84535953,77.66306515,4,848.752,,0.900,89,33,43,,
T,2022-03-28 15:32:39,12.84536022,77.66307438,4,849.048,,0.880,89,33,43,,
T,2022-03-28 15:32:40,12.84536121,77.66308434,4,849.284,,0.910,89,32,43,,
T,2022-03-28 15:32:41,12.84536259,77.66309579,4,849.019,,1.130,90,33,43,,
T,2022-03-28 15:32:42,12.84536295,77.66310772,4,849.301,,1.010,89,33,43,,
T,2022-03-28 15:32:43,12.84536387,77.66311978,4,849.272,,1.030,94,34,43,,
T,2022-03-28 15:32:44,12.84536364,77.66313010,4,849.281,,0.780,89,34,43,,
T,2022-03-28 15:32:45,12.84536407,77.66313925,4,849.377,,0.720,93,34,43,,
T,2022-03-28 15:32:46,12.84536427,77.66314808,4,849.742,,0.800,93,35,43,,
T,2022-03-28 15:32:47,12.84536473,77.66315792,4,849.501,,0.940,93,35,43,,
T,2022-03-28 15:32:48,12.84536515,77.66316608,4,849.090,,0.500,93,34,43,,
T,2022-03-28 15:32:49,12.84536455,77.66317398,4,849.021,,0.860,97,34,43,,
T,2022-03-28 15:32:50,12.84536268,77.66318332,4,848.899,,0.850,97,34,43,,
T,2022-03-28 15:32:51,12.84536105,77.66319231,4,848.877,,0.850,97,34,43,,
T,2022-03-28 15:32:52,12.84535955,77.66320245,4,848.988,,0.960,98,34,43,,
T,2022-03-28 15:32:53,12.84535898,77.66321237,4,849.062,,0.770,98,34,43,,
T,2022-03-28 15:32:54,12.84535864,77.66322239,4,849.493,,0.880,98,35,43,,
T,2022-03-28 15:32:55,12.84535891,77.66323196,4,849.736,,0.850,98,36,43,,
T,2022-03-28 15:32:56,12.84535935,77.66324145,4,850.142,,0.890,90,35,43,,
T,2022-03-28 15:32:57,12.84535970,77.66325102,4,850.478,,0.900,90,35,43,,
T,2022-03-28 15:32:58,12.84536045,77.66326065,4,850.815,,0.890,90,36,43,,
T,2022-03-28 15:32:59,12.84536110,77.66326898,4,851.164,,0.640,90,36,43,,
T,2022-03-28 15:33:00,12.84536158,77.66327640,4,851.226,,0.710,90,36,43,,
T,2022-03-28 15:33:01,12.84536118,77.66328510,4,850.951,,0.870,99,33,43,,
T,2022-03-28 15:33:02,12.84536078,77.66329435,4,850.826,,0.800,99,33,43,,
T,2022-03-28 15:33:03,12.84536095,77.66330361,4,850.208,,0.820,98,33,43,,
T,2022-03-28 15:33:04,12.84536026,77.66331442,4,849.894,,0.860,98,33,43,,
T,2022-03-28 15:33:05,12.84535857,77.66332431,4,849.959,,0.630,99,35,43,,
T,2022-03-28 15:33:06,12.84535743,77.66333463,4,849.697,,0.950,89,35,43,,
T,2022-03-28 15:33:07,12.84535720,77.66334484,4,849.812,,0.660,89,35,43,,
T,2022-03-28 15:33:08,12.84535792,77.66335401,4,849.213,,0.690,89,35,43,,
T,2022-03-28 15:33:09,12.84535829,77.66336257,4,848.835,,0.750,89,35,43,,
T,2022-03-28 15:33:10,12.84535880,77.66337161,4,848.336,,0.780,87,35,43,,
T,2022-03-28 15:33:11,12.84536012,77.66338123,4,847.668,,0.640,87,34,43,,
T,2022-03-28 15:33:12,12.84536024,77.66339048,4,847.086,,0.690,87,34,43,,
T,2022-03-28 15:33:13,12.84535968,77.66339898,4,847.637,,0.690,87,35,43,,
T,2022-03-28 15:33:14,12.84535861,77.66340818,4,848.044,,0.740,87,35,43,,
T,2022-03-28 15:33:15,12.84535757,77.66341769,4,847.866,,0.740,95,36,43,,
T,2022-03-28 15:33:16,12.84535593,77.66342707,4,847.960,,0.650,95,36,43,,
T,2022-03-28 15:33:17,12.84535485,77.66343646,4,847.936,,0.730,95,36,43,,
T,2022-03-28 15:33:18,12.84535490,77.66344626,4,847.404,,0.840,93,36,43,,
T,2022-03-28 15:33:19,12.84535443,77.66345666,4,847.161,,0.910,93,36,43,,
T,2022-03-28 15:33:20,12.84535382,77.66346474,4,846.265,,0.650,93,36,43,,
T,2022-03-28 15:33:21,12.84535347,77.66347285,4,845.777,,0.920,95,36,43,,
T,2022-03-28 15:33:22,12.84535306,77.66348034,4,845.865,,0.570,95,36,43,,
T,2022-03-28 15:33:23,12.84535239,77.66348711,4,845.491,,0.650,95,36,43,,
T,2022-03-28 15:33:24,12.84535238,77.66349566,4,845.549,,0.880,95,35,43,,
T,2022-03-28 15:33:25,12.84535222,77.66350547,4,845.583,,0.950,102,35,43,,
T,2022-03-28 15:33:26,12.84535279,77.66351540,4,845.423,,0.980,101,35,43,,
T,2022-03-28 15:33:27,12.84535264,77.66352570,4,845.186,,1.080,99,35,43,,
T,2022-03-28 15:33:28,12.84535158,77.66353555,4,845.285,,0.880,99,35,43,,
T,2022-03-28 15:33:29,12.84535058,77.66354556,4,845.595,,0.970,99,35,43,,
T,2022-03-28 15:33:30,12.84534973,77.66355486,4,845.596,,0.680,99,35,43,,
T,2022-03-28 15:33:31,12.84534875,77.66356425,4,845.613,,0.940,93,35,43,,
T,2022-03-28 15:33:32,12.84534780,77.66357420,4,845.943,,0.840,93,35,43,,
T,2022-03-28 15:33:33,12.84534659,77.66358386,4,846.128,,0.910,93,35,43,,
T,2022-03-28 15:33:34,12.84534498,77.66359506,4,845.722,,1.160,98,35,43,,
T,2022-03-28 15:33:35,12.84534390,77.66360653,4,845.891,,1.010,94,35,43,,
T,2022-03-28 15:33:36,12.84534330,77.66361558,4,846.004,,0.690,100,35,43,,
T,2022-03-28 15:33:37,12.84534328,77.66362436,4,846.285,,0.850,100,35,43,,
T,2022-03-28 15:33:38,12.84534418,77.66363465,4,846.447,,0.900,100,35,43,,
T,2022-03-28 15:33:39,12.84534409,77.66364445,4,846.386,,0.860,100,35,43,,
T,2022-03-28 15:33:40,12.84534380,77.66365405,4,846.248,,0.920,101,35,43,,
T,2022-03-28 15:33:41,12.84534246,77.66366445,4,846.294,,0.930,101,35,43,,
T,2022-03-28 15:33:42,12.84534085,77.66367492,4,846.160,,0.930,101,35,43,,
T,2022-03-28 15:33:43,12.84533836,77.66368467,4,846.163,,0.890,114,35,43,,
T,2022-03-28 15:33:44,12.84533611,77.66369418,4,846.117,,0.900,114,35,43,,
T,2022-03-28 15:33:45,12.84533420,77.66370463,4,846.233,,1.050,101,35,43,,
T,2022-03-28 15:33:46,12.84533180,77.66371449,4,846.464,,0.880,112,35,43,,
T,2022-03-28 15:33:47,12.84532971,77.66372236,4,846.928,,0.670,112,35,43,,
T,2022-03-28 15:33:48,12.84532570,77.66373177,4,846.922,,1.230,114,35,43,,
T,2022-03-28 15:33:49,12.84532114,77.66374008,4,846.959,,0.620,112,35,43,,
T,2022-03-28 15:33:50,12.84531606,77.66374738,4,847.047,,0.930,125,35,43,,
T,2022-03-28 15:33:51,12.84530978,77.66375481,4,846.870,,0.820,125,35,43,,
T,2022-03-28 15:33:52,12.84530190,77.66376257,4,847.159,,1.100,125,35,43,,
T,2022-03-28 15:33:53,12.84529281,77.66377077,4,847.340,,1.050,137,35,43,,
T,2022-03-28 15:33:54,12.84528326,77.66377739,4,846.981,,0.970,138,34,43,,
T,2022-03-28 15:33:55,12.84527431,77.66378318,4,846.969,,0.930,138,34,43,,
T,2022-03-28 15:33:56,12.84526476,77.66378885,4,846.991,,1.060,152,34,43,,
T,2022-03-28 15:33:57,12.84525461,77.66379255,4,846.796,,0.970,165,34,43,,
T,2022-03-28 15:33:58,12.84524477,77.66379480,4,846.745,,0.970,165,33,43,,
T,2022-03-28 15:33:59,12.84523468,77.66379607,4,846.836,,0.980,166,33,43,,
T,2022-03-28 15:34:00,12.84522401,77.66379541,4,846.730,,1.040,179,32,43,,
T,2022-03-28 15:34:01,12.84521364,77.66379382,4,846.981,,0.950,186,32,43,,
T,2022-03-28 15:34:02,12.84520383,77.66379199,4,846.887,,0.890,186,32,43,,
T,2022-03-28 15:34:03,12.84519417,77.66379088,4,846.702,,0.940,186,32,43,,
T,2022-03-28 15:34:04,12.84518322,77.66379109,4,846.881,,1.140,171,32,43,,
T,2022-03-28 15:34:05,12.84517233,77.66379298,4,847.241,,1.040,172,32,43,,
T,2022-03-28 15:34:06,12.84516101,77.66379547,4,847.378,,1.220,169,32,43,,
T,2022-03-28 15:34:07,12.84514971,77.66379786,4,847.700,,1.090,173,32,43,,
T,2022-03-28 15:34:08,12.84513853,77.66380028,4,847.614,,1.150,174,32,43,,
T,2022-03-28 15:34:09,12.84512743,77.66380248,4,847.721,,1.020,178,32,43,,
T,2022-03-28 15:34:10,12.84511690,77.66380346,4,847.388,,1.030,180,32,43,,
T,2022-03-28 15:34:11,12.84510579,77.66380439,4,847.521,,1.180,183,32,43,,
T,2022-03-28 15:34:12,12.84509507,77.66380476,4,847.484,,0.970,184,32,43,,
T,2022-03-28 15:34:13,12.84508548,77.66380463,4,847.449,,0.990,187,31,43,,
T,2022-03-28 15:34:15,12.84506532,77.66380354,4,847.704,,1.150,187,31,43,,
T,2022-03-28 15:34:16,12.84505531,77.66380323,4,847.685,,0.990,184,32,43,,
T,2022-03-28 15:34:17,12.84504498,77.66380315,4,847.641,,1.160,182,33,43,,
T,2022-03-28 15:34:18,12.84503469,77.66380297,4,847.669,,1.050,183,33,43,,
T,2022-03-28 15:34:19,12.84502473,77.66380238,4,847.719,,1.010,181,33,43,,
T,2022-03-28 15:34:20,12.84501505,77.66380246,4,847.733,,0.960,182,34,43,,
T,2022-03-28 15:34:21,12.84500575,77.66380281,4,847.563,,0.950,181,34,43,,
T,2022-03-28 15:34:22,12.84499707,77.66380438,4,847.489,,0.890,181,34,43,,
T,2022-03-28 15:34:23,12.84498838,77.66380637,4,847.447,,0.970,181,34,43,,
