type,date time,latitude,longitude,accuracy(m),altitude(m),geoid_height(m),speed(m/s),bearing(deg),sat_used,sat_inview,name,desc
T,2022-03-22 12:33:05,12.84538066,77.66373054,4,851.605,,0.000,,39,49,20220322-180305,GPS Logger: 20220322-180305 - rawData1
T,2022-03-22 12:33:06,12.84537999,77.66372782,4,851.338,,0.300,263,39,49,,
T,2022-03-22 12:33:07,12.84537901,77.66372049,4,851.563,,0.940,263,39,49,,
T,2022-03-22 12:33:08,12.84537880,77.66371022,4,851.737,,1.050,275,39,49,,
T,2022-03-22 12:33:09,12.84537892,77.66370163,4,851.155,,0.700,275,39,49,,
T,2022-03-22 12:33:10,12.84537878,77.66369377,4,850.733,,0.930,275,39,49,,
T,2022-03-22 12:33:11,12.84537799,77.66368385,4,851.156,,1.090,271,40,49,,
T,2022-03-22 12:33:12,12.84537651,77.66367404,4,850.613,,0.950,274,39,49,,
T,2022-03-22 12:33:13,12.84537543,77.66366524,4,850.561,,0.950,273,39,49,,
T,2022-03-22 12:33:14,12.84537427,77.66365475,4,850.070,,1.290,273,39,49,,
T,2022-03-22 12:33:15,12.84537315,77.66364374,4,850.201,,0.910,273,40,49,,
T,2022-03-22 12:33:16,12.84537224,77.66363564,4,850.241,,0.700,273,39,49,,
T,2022-03-22 12:33:17,12.84536827,77.66363171,4,850.168,,0.000,,39,49,,
T,2022-03-22 12:33:18,12.84536812,77.66362436,4,850.149,,0.850,273,39,49,,
T,2022-03-22 12:33:19,12.84536888,77.66361407,4,850.005,,0.930,273,40,49,,
T,2022-03-22 12:33:20,12.84536952,77.66360382,4,849.888,,0.920,273,40,49,,
T,2022-03-22 12:33:21,12.84536992,77.66359217,4,849.871,,1.140,276,40,49,,
T,2022-03-22 12:33:22,12.84537024,77.66358067,4,850.007,,0.940,276,38,49,,
T,2022-03-22 12:33:23,12.84537113,77.66357179,4,849.656,,0.700,276,37,49,,
T,2022-03-22 12:33:24,12.84537172,77.66356056,4,849.781,,1.310,271,37,49,,
T,2022-03-22 12:33:25,12.84537233,77.66354863,4,849.843,,0.960,270,37,49,,
T,2022-03-22 12:33:26,12.84537150,77.66353637,4,849.670,,1.420,271,37,49,,
T,2022-03-22 12:33:27,12.84536981,77.66352385,4,850.032,,0.820,270,37,49,,
T,2022-03-22 12:33:28,12.84536907,77.66351391,4,849.642,,0.930,282,38,49,,
T,2022-03-22 12:33:29,12.84536968,77.66350469,4,849.489,,0.840,282,38,49,,
T,2022-03-22 12:33:30,12.84537055,77.66349667,4,849.308,,0.760,282,37,49,,
T,2022-03-22 12:33:31,12.84537139,77.66348593,4,849.649,,1.370,272,37,49,,
T,2022-03-22 12:33:32,12.84537220,77.66347629,4,849.685,,0.720,272,37,49,,
T,2022-03-22 12:33:33,12.84537349,77.66346836,4,849.865,,0.870,273,37,49,,
T,2022-03-22 12:33:34,12.84537373,77.66345897,4,849.999,,1.090,267,38,49,,
T,2022-03-22 12:33:35,12.84537316,77.66344789,4,849.972,,1.120,269,38,49,,
T,2022-03-22 12:33:36,12.84537322,77.66343664,4,850.323,,1.190,273,38,49,,
T,2022-03-22 12:33:37,12.84537396,77.66342414,4,850.698,,1.270,275,38,49,,
T,2022-03-22 12:33:38,12.84537443,77.66341349,4,850.893,,0.870,275,38,49,,
T,2022-03-22 12:33:39,12.84537535,77.66340299,4,850.807,,1.250,280,38,49,,
T,2022-03-22 12:33:40,12.84537533,77.66339279,4,851.022,,0.900,279,38,49,,
T,2022-03-22 12:33:41,12.84537485,77.66338168,4,850.991,,1.330,269,38,49,,
T,2022-03-22 12:33:42,12.84537491,77.66337015,4,850.973,,1.080,269,38,49,,
T,2022-03-22 12:33:43,12.84537466,77.66336016,4,851.048,,0.930,265,38,49,,
T,2022-03-22 12:33:44,12.84537420,77.66334928,4,850.841,,0.870,265,38,49,,
T,2022-03-22 12:33:45,12.84537395,77.66333879,4,850.412,,0.900,265,40,49,,
T,2022-03-22 12:33:46,12.84537380,77.66332868,4,850.452,,0.680,265,40,49,,
T,2022-03-22 12:33:47,12.84537358,77.66331920,4,851.094,,0.840,265,40,49,,
T,2022-03-22 12:33:48,12.84537285,77.66330678,4,851.206,,1.320,269,40,49,,
T,2022-03-22 12:33:49,12.84537169,77.66329228,4,851.528,,1.260,269,40,49,,
T,2022-03-22 12:33:50,12.84537221,77.66328015,4,851.179,,0.940,269,40,49,,
T,2022-03-22 12:33:51,12.84537314,77.66326963,4,851.271,,0.910,269,38,49,,
T,2022-03-22 12:33:52,12.84537495,77.66325925,4,851.270,,0.850,269,38,49,,
T,2022-03-22 12:33:53,12.84537667,77.66324869,4,850.948,,0.870,269,39,49,,
T,2022-03-22 12:33:54,12.84537778,77.66323673,4,851.470,,0.950,271,39,49,,
T,2022-03-22 12:33:55,12.84537921,77.66322361,4,851.347,,1.210,275,39,49,,
T,2022-03-22 12:33:56,12.84538009,77.66321098,4,851.045,,0.940,271,39,49,,
T,2022-03-22 12:33:57,12.84538148,77.66320190,4,850.725,,0.670,271,39,49,,
T,2022-03-22 12:33:58,12.84538271,77.66319304,4,850.981,,0.870,275,38,49,,
T,2022-03-22 12:33:59,12.84538327,77.66318184,4,851.292,,1.170,275,37,49,,
T,2022-03-22 12:34:00,12.84538311,77.66316964,4,850.882,,1.070,275,37,49,,
T,2022-03-22 12:34:01,12.84538236,77.66315831,4,851.019,,0.970,272,37,49,,
T,2022-03-22 12:34:02,12.84538211,77.66314727,4,850.972,,1.070,272,37,49,,
T,2022-03-22 12:34:03,12.84538186,77.66313544,4,851.038,,1.080,272,37,49,,
T,2022-03-22 12:34:04,12.84538291,77.66312440,4,850.974,,0.900,272,37,49,,
T,2022-03-22 12:34:05,12.84538377,77.66311168,4,850.702,,1.310,272,37,49,,
T,2022-03-22 12:34:06,12.84538507,77.66310029,4,850.548,,0.850,282,37,49,,
T,2022-03-22 12:34:07,12.84538610,77.66309013,4,850.228,,1.090,271,38,49,,
T,2022-03-22 12:34:08,12.84538750,77.66307801,4,849.844,,1.260,273,38,49,,
T,2022-03-22 12:34:09,12.84538890,77.66306556,4,850.364,,1.220,270,38,49,,
T,2022-03-22 12:34:10,12.84538916,77.66305418,4,850.066,,1.040,269,38,49,,
T,2022-03-22 12:34:11,12.84538978,77.66304429,4,850.043,,0.900,269,38,49,,
T,2022-03-22 12:34:12,12.84539114,77.66303632,4,849.966,,0.790,269,38,48,,
T,2022-03-22 12:34:13,12.84539251,77.66302758,4,849.624,,0.950,274,37,49,,
T,2022-03-22 12:34:14,12.84539375,77.66301764,4,849.637,,1.110,274,38,49,,
T,2022-03-22 12:34:15,12.84539406,77.66300739,4,850.430,,1.030,274,37,49,,
T,2022-03-22 12:34:16,12.84539404,77.66300422,4,850.395,,0.000,,38,49,,
T,2022-03-22 12:34:17,12.84539440,77.66299489,4,851.059,,1.490,268,38,49,,
T,2022-03-22 12:34:18,12.84539489,77.66298338,4,850.942,,0.840,268,38,49,,
T,2022-03-22 12:34:19,12.84539606,77.66297281,4,851.219,,1.190,268,38,49,,
T,2022-03-22 12:34:20,12.84539736,77.66295985,4,850.559,,0.940,268,37,49,,
T,2022-03-22 12:34:21,12.84539825,77.66294897,4,850.242,,0.910,282,38,49,,
T,2022-03-22 12:34:22,12.84539935,77.66293780,4,849.872,,0.800,282,38,49,,
T,2022-03-22 12:34:23,12.84540059,77.66292465,4,849.338,,0.940,282,38,49,,
T,2022-03-22 12:34:24,12.84540138,77.66290964,4,848.987,,1.280,282,38,49,,
T,2022-03-22 12:34:25,12.84540191,77.66289341,4,849.573,,1.340,276,38,49,,
T,2022-03-22 12:34:26,12.84540245,77.66287960,4,848.834,,0.960,275,38,49,,
T,2022-03-22 12:34:27,12.84540255,77.66286877,4,848.201,,0.690,275,37,49,,
T,2022-03-22 12:34:28,12.84540194,77.66285847,4,847.501,,0.870,275,36,49,,
T,2022-03-22 12:34:29,12.84540087,77.66284435,4,848.159,,1.470,269,36,49,,
T,2022-03-22 12:34:30,12.84540025,77.66282872,4,848.438,,1.380,270,36,49,,
T,2022-03-22 12:34:31,12.84539970,77.66281553,4,848.202,,1.000,270,36,49,,
T,2022-03-22 12:34:32,12.84539940,77.66280413,4,848.043,,1.020,269,36,49,,
T,2022-03-22 12:34:33,12.84539966,77.66279227,4,848.293,,0.960,269,36,49,,
T,2022-03-22 12:34:34,12.84540057,77.66278107,4,848.356,,1.020,279,37,49,,
T,2022-03-22 12:34:35,12.84540150,77.66277071,4,848.609,,0.850,279,37,49,,
T,2022-03-22 12:34:36,12.84540176,77.66275976,4,848.893,,1.210,272,37,49,,
T,2022-03-22 12:34:37,12.84540104,77.66274855,4,849.102,,1.010,269,37,49,,
T,2022-03-22 12:34:38,12.84539990,77.66273897,4,849.306,,0.920,269,37,49,,
T,2022-03-22 12:34:39,12.84539889,77.66272827,4,850.011,,1.260,272,37,49,,
T,2022-03-22 12:34:40,12.84539876,77.66271846,4,849.404,,0.800,277,36,49,,
T,2022-03-22 12:34:41,12.84540040,77.66270740,4,849.557,,1.530,283,36,49,,
T,2022-03-22 12:34:42,12.84540107,77.66269481,4,849.818,,1.250,274,37,49,,
T,2022-03-22 12:34:43,12.84540197,77.66268174,4,849.490,,1.520,278,37,49,,
T,2022-03-22 12:34:44,12.84540214,77.66267110,4,849.146,,0.850,283,37,49,,
T,2022-03-22 12:34:45,12.84540244,77.66266200,4,849.249,,1.090,283,37,49,,
T,2022-03-22 12:34:46,12.84540262,77.66265161,4,849.388,,0.950,283,37,49,,
T,2022-03-22 12:34:47,12.84540249,77.66264379,4,849.097,,0.730,278,37,49,,
T,2022-03-22 12:34:48,12.84540304,77.66263628,4,849.673,,0.740,279,37,49,,
T,2022-03-22 12:34:49,12.84540349,77.66262984,4,850.225,,0.660,279,39,49,,
T,2022-03-22 12:34:50,12.84540371,77.66262531,4,851.013,,0.000,,39,49,,
T,2022-03-22 12:34:51,12.84540501,77.66261916,4,851.099,,0.760,301,39,49,,
T,2022-03-22 12:34:52,12.84540738,77.66261047,4,850.975,,0.910,301,39,49,,
T,2022-03-22 12:34:53,12.84541032,77.66260193,4,850.570,,0.890,301,40,48,,
T,2022-03-22 12:34:54,12.84541190,77.66259449,4,850.199,,0.720,301,40,49,,
T,2022-03-22 12:34:55,12.84541224,77.66258782,4,850.535,,0.640,301,39,49,,
T,2022-03-22 12:34:56,12.84541223,77.66257952,4,850.792,,0.970,275,39,49,,
T,2022-03-22 12:34:57,12.84541203,77.66257027,4,850.982,,0.750,275,38,49,,
T,2022-03-22 12:34:58,12.84540817,77.66256620,4,851.226,,0.000,,38,49,,
T,2022-03-22 12:34:59,12.84540647,77.66255883,4,851.976,,0.920,275,38,49,,
T,2022-03-22 12:35:00,12.84540402,77.66254984,4,853.750,,0.710,275,38,49,,
T,2022-03-22 12:35:01,12.84540447,77.66253985,4,853.744,,0.840,275,40,49,,
T,2022-03-22 12:35:02,12.84540652,77.66253213,4,853.681,,0.540,275,39,49,,
T,2022-03-22 12:35:03,12.84540940,77.66252851,4,853.604,,0.290,275,39,49,,
T,2022-03-22 12:35:04,12.84541124,77.66251992,4,853.312,,1.460,275,39,49,,
T,2022-03-22 12:35:05,12.84541165,77.66251026,4,853.428,,0.810,275,39,49,,
T,2022-03-22 12:35:06,12.84541103,77.66250339,5,853.138,,0.900,275,39,49,,
T,2022-03-22 12:35:07,12.84540960,77.66249086,4,852.678,,1.660,266,38,49,,
T,2022-03-22 12:35:08,12.84540646,77.66247670,4,853.066,,0.770,266,38,49,,
T,2022-03-22 12:35:09,12.84540330,77.66246676,4,852.521,,0.900,266,38,49,,
T,2022-03-22 12:35:10,12.84539847,77.66245366,4,853.564,,1.170,266,39,49,,
T,2022-03-22 12:35:11,12.84539440,77.66244079,4,853.986,,1.200,266,40,49,,
T,2022-03-22 12:35:12,12.84539095,77.66242825,4,854.819,,1.220,266,40,49,,
T,2022-03-22 12:35:13,12.84538917,77.66241871,4,854.825,,0.780,266,40,49,,
T,2022-03-22 12:35:14,12.84538818,77.66240912,4,854.454,,1.110,275,40,49,,
T,2022-03-22 12:35:15,12.84538849,77.66239831,4,854.524,,1.040,266,40,49,,
T,2022-03-22 12:35:16,12.84538925,77.66238733,4,855.040,,1.140,277,40,49,,
T,2022-03-22 12:35:17,12.84538972,77.66237664,4,854.558,,0.970,278,38,49,,
T,2022-03-22 12:35:18,12.84539112,77.66236600,4,854.686,,1.140,278,38,49,,
T,2022-03-22 12:35:19,12.84539193,77.66235486,4,854.757,,1.020,283,38,49,,
T,2022-03-22 12:35:20,12.84539250,77.66234406,4,855.517,,1.140,285,38,49,,
T,2022-03-22 12:35:21,12.84539226,77.66233600,4,856.228,,0.460,283,38,49,,
T,2022-03-22 12:35:22,12.84539307,77.66232986,4,856.773,,0.530,283,38,49,,
T,2022-03-22 12:35:23,12.84539437,77.66232432,4,856.758,,0.310,283,39,49,,
T,2022-03-22 12:35:24,12.84539514,77.66231824,4,856.940,,0.510,283,38,49,,
T,2022-03-22 12:35:25,12.84539589,77.66230708,4,855.836,,1.300,284,38,49,,
T,2022-03-22 12:35:26,12.84539627,77.66229151,4,855.511,,1.610,279,38,49,,
T,2022-03-22 12:35:27,12.84539493,77.66228030,4,855.880,,0.730,279,38,49,,
T,2022-03-22 12:35:28,12.84539410,77.66227111,4,855.434,,1.170,288,38,49,,
T,2022-03-22 12:35:29,12.84539287,77.66226024,4,855.742,,0.800,288,37,49,,
T,2022-03-22 12:35:30,12.84539220,77.66224762,4,853.681,,0.970,288,39,49,,
T,2022-03-22 12:35:31,12.84539125,77.66223139,4,854.156,,1.530,277,39,49,,
T,2022-03-22 12:35:32,12.84538391,77.66221899,4,853.958,,0.000,,39,49,,
T,2022-03-22 12:35:33,12.84538110,77.66220881,4,855.532,,0.740,278,37,49,,
T,2022-03-22 12:35:34,12.84537933,77.66219654,4,854.459,,0.940,278,39,49,,
T,2022-03-22 12:35:35,12.84537447,77.66218773,4,855.073,,0.000,,38,49,,
T,2022-03-22 12:35:36,12.84537231,77.66218265,4,855.862,,0.000,,37,49,,
T,2022-03-22 12:35:37,12.84537080,77.66217700,4,856.308,,0.000,,37,49,,
T,2022-03-22 12:35:38,12.84536967,77.66217175,4,856.887,,0.000,,37,49,,
T,2022-03-22 12:35:39,12.84536865,77.66216596,4,857.164,,0.000,,39,49,,
T,2022-03-22 12:35:40,12.84536829,77.66216043,4,857.804,,0.000,,39,49,,
T,2022-03-22 12:35:41,12.84536762,77.66215739,4,857.978,,0.000,,40,49,,
T,2022-03-22 12:35:42,12.84536686,77.66215545,4,858.014,,0.000,,40,49,,
T,2022-03-22 12:35:43,12.84536595,77.66215420,4,858.236,,0.000,,40,49,,
T,2022-03-22 12:35:44,12.84536650,77.66213864,4,859.363,,2.460,272,40,49,,
T,2022-03-22 12:35:45,12.84536755,77.66211763,4,859.513,,1.810,276,37,49,,
T,2022-03-22 12:35:46,12.84536761,77.66210586,4,859.540,,0.670,264,34,49,,
T,2022-03-22 12:35:47,12.84536721,77.66209862,4,859.883,,0.560,264,31,48,,
T,2022-03-22 12:35:48,12.84536745,77.66209009,4,860.570,,0.980,264,32,49,,
T,2022-03-22 12:35:49,12.84536739,77.66207842,4,859.189,,1.240,262,33,49,,
T,2022-03-22 12:35:50,12.84536742,77.66206550,4,859.576,,1.130,266,33,49,,
T,2022-03-22 12:35:51,12.84536815,77.66205222,4,859.814,,0.960,263,33,49,,
T,2022-03-22 12:35:52,12.84536994,77.66203892,4,860.750,,0.940,263,37,49,,
T,2022-03-22 12:35:53,12.84537242,77.66202351,4,860.664,,1.470,263,37,49,,
T,2022-03-22 12:35:54,12.84537667,77.66201060,4,862.317,,0.660,263,36,49,,
T,2022-03-22 12:35:55,12.84538098,77.66200229,4,862.752,,0.470,263,35,49,,
T,2022-03-22 12:35:56,12.84538494,77.66199317,4,862.162,,0.730,263,37,49,,
T,2022-03-22 12:35:57,12.84539110,77.66198464,4,862.254,,0.000,,37,49,,
T,2022-03-22 12:35:58,12.84539537,77.66197772,4,863.485,,0.300,263,33,49,,
T,2022-03-22 12:35:59,12.84539801,77.66196704,4,864.394,,0.490,263,38,49,,
T,2022-03-22 12:36:00,12.84540100,77.66195754,4,865.000,,0.670,263,38,49,,
T,2022-03-22 12:36:01,12.84540400,77.66194167,4,865.877,,1.730,276,38,49,,
T,2022-03-22 12:36:02,12.84540435,77.66192426,4,865.180,,0.890,263,38,49,,
T,2022-03-22 12:36:03,12.84540356,77.66191080,4,864.430,,0.820,263,38,49,,
T,2022-03-22 12:36:04,12.84540330,77.66189555,4,864.291,,0.690,263,38,49,,
T,2022-03-22 12:36:05,12.84540416,77.66187606,4,863.618,,0.000,,37,49,,
T,2022-03-22 12:36:06,12.84540461,77.66186663,4,863.523,,0.000,,37,49,,
T,2022-03-22 12:36:07,12.84540683,77.66185942,4,864.519,,0.000,,37,49,,
T,2022-03-22 12:36:08,12.84540468,77.66184765,4,862.537,,0.890,261,38,49,,
T,2022-03-22 12:36:09,12.84540326,77.66183543,4,862.239,,0.830,259,38,49,,
T,2022-03-22 12:36:10,12.84540288,77.66182436,4,863.667,,0.000,,37,49,,
T,2022-03-22 12:36:11,12.84540218,77.66181395,4,863.207,,0.680,254,36,49,,
T,2022-03-22 12:36:12,12.84540212,77.66180569,4,862.617,,0.500,263,36,49,,
T,2022-03-22 12:36:13,12.84540142,77.66179287,4,861.608,,1.230,266,36,49,,
T,2022-03-22 12:36:14,12.84540124,77.66177816,4,860.745,,0.710,263,36,49,,
T,2022-03-22 12:36:15,12.84540044,77.66176511,4,861.489,,0.680,262,36,49,,
T,2022-03-22 12:36:16,12.84540003,77.66175380,4,861.050,,0.440,263,37,49,,
T,2022-03-22 12:36:17,12.84539974,77.66174404,4,860.822,,0.420,263,39,48,,
T,2022-03-22 12:36:18,12.84540161,77.66173478,4,860.640,,0.500,263,39,49,,
T,2022-03-22 12:36:19,12.84540343,77.66172677,4,860.663,,0.350,263,39,49,,
T,2022-03-22 12:36:20,12.84540379,77.66171834,5,860.976,,0.550,272,39,49,,
T,2022-03-22 12:36:21,12.84540242,77.66170732,5,861.132,,0.820,246,39,49,,
T,2022-03-22 12:36:22,12.84540075,77.66169773,4,858.925,,0.150,263,39,49,,
T,2022-03-22 12:36:23,12.84540037,77.66168819,5,859.299,,0.560,266,38,49,,
T,2022-03-22 12:36:24,12.84540056,77.66167777,5,859.478,,0.480,260,38,49,,
T,2022-03-22 12:36:25,12.84540152,77.66166589,5,859.347,,0.630,262,38,49,,
T,2022-03-22 12:36:26,12.84540342,77.66165624,5,860.830,,0.000,,37,49,,
T,2022-03-22 12:36:27,12.84540629,77.66164712,5,861.692,,0.380,263,37,49,,
T,2022-03-22 12:36:28,12.84540852,77.66163386,5,862.719,,0.830,272,37,49,,
T,2022-03-22 12:36:29,12.84540880,77.66161959,5,862.731,,0.950,259,38,49,,
T,2022-03-22 12:36:30,12.84540856,77.66161019,5,862.893,,0.260,263,38,49,,
T,2022-03-22 12:36:31,12.84540828,77.66159749,5,862.755,,1.640,266,38,49,,
T,2022-03-22 12:36:32,12.84540801,77.66158390,5,862.367,,0.890,274,38,49,,
T,2022-03-22 12:36:33,12.84540802,77.66157228,5,862.418,,1.250,270,38,49,,
T,2022-03-22 12:36:34,12.84540847,77.66156519,5,863.077,,0.350,263,38,49,,
T,2022-03-22 12:36:35,12.84540956,77.66155661,5,862.365,,0.980,280,32,49,,
T,2022-03-22 12:36:36,12.84541027,77.66154477,5,862.605,,1.100,278,33,49,,
T,2022-03-22 12:36:37,12.84540994,77.66153616,5,862.530,,0.560,278,32,49,,
T,2022-03-22 12:36:38,12.84540880,77.66152573,5,862.421,,1.300,278,32,49,,
T,2022-03-22 12:36:39,12.84540859,77.66151647,5,862.552,,0.530,278,32,49,,
T,2022-03-22 12:36:40,12.84540939,77.66150447,5,861.823,,0.800,278,32,49,,
T,2022-03-22 12:36:41,12.84541045,77.66149267,5,862.464,,0.800,278,36,49,,
T,2022-03-22 12:36:42,12.84541109,77.66148292,5,862.562,,0.640,278,36,49,,
T,2022-03-22 12:36:43,12.84541155,77.66147438,5,862.371,,0.560,278,36,49,,
T,2022-03-22 12:36:44,12.84541253,77.66146460,5,862.363,,0.840,278,36,49,,
T,2022-03-22 12:36:45,12.84541288,77.66145182,5,862.637,,1.270,263,36,49,,
T,2022-03-22 12:36:46,12.84541224,77.66143791,5,862.663,,1.350,263,36,49,,
T,2022-03-22 12:36:47,12.84541080,77.66142662,5,862.194,,0.970,268,32,49,,
T,2022-03-22 12:36:48,12.84540916,77.66141675,6,862.276,,1.060,268,32,49,,
T,2022-03-22 12:36:49,12.84540714,77.66140627,6,862.476,,1.080,268,32,49,,
T,2022-03-22 12:36:50,12.84540514,77.66139858,6,863.645,,0.590,268,31,49,,
T,2022-03-22 12:36:51,12.84540366,77.66139215,6,864.910,,0.460,268,32,49,,
T,2022-03-22 12:36:52,12.84540162,77.66138475,5,865.696,,0.000,,35,49,,
T,2022-03-22 12:36:53,12.84540287,77.66137610,5,865.744,,0.890,268,37,49,,
T,2022-03-22 12:36:54,12.84540566,77.66136481,6,865.190,,0.900,280,37,49,,
T,2022-03-22 12:36:55,12.84540745,77.66135334,5,864.908,,0.580,280,37,49,,
T,2022-03-22 12:36:56,12.84540834,77.66134254,5,865.695,,0.710,280,38,49,,
T,2022-03-22 12:36:57,12.84540825,77.66132934,5,865.890,,0.820,280,38,49,,
T,2022-03-22 12:36:58,12.84540813,77.66131588,5,866.841,,0.670,280,38,49,,
T,2022-03-22 12:36:59,12.84540838,77.66130476,5,867.592,,0.520,280,38,49,,
T,2022-03-22 12:37:00,12.84540918,77.66129440,5,867.899,,0.640,280,39,49,,
T,2022-03-22 12:37:01,12.84541057,77.66128228,6,868.961,,1.070,280,39,49,,
T,2022-03-22 12:37:02,12.84541193,77.66126910,6,869.261,,1.010,284,39,49,,
T,2022-03-22 12:37:03,12.84541133,77.66125515,6,868.924,,1.010,283,37,49,,
T,2022-03-22 12:37:04,12.84540999,77.66124429,6,869.342,,0.630,283,37,49,,
T,2022-03-22 12:37:05,12.84540476,77.66123239,5,869.245,,0.750,282,34,49,,
T,2022-03-22 12:37:06,12.84539834,77.66121996,5,869.346,,0.630,282,35,49,,
T,2022-03-22 12:37:07,12.84539014,77.66120585,5,869.430,,0.700,281,37,49,,
T,2022-03-22 12:37:08,12.84538218,77.66119367,5,869.597,,0.560,281,39,49,,
T,2022-03-22 12:37:09,12.84537467,77.66118550,5,868.893,,0.440,281,40,49,,
T,2022-03-22 12:37:10,12.84536833,77.66117838,5,868.863,,0.490,281,40,49,,
T,2022-03-22 12:37:11,12.84536048,77.66116788,4,868.917,,0.920,281,40,49,,
T,2022-03-22 12:37:12,12.84535219,77.66115581,4,867.551,,0.830,281,40,49,,
T,2022-03-22 12:37:13,12.84534424,77.66114244,4,866.554,,0.960,281,40,49,,
T,2022-03-22 12:37:14,12.84533726,77.66112859,4,866.373,,0.960,281,39,49,,
T,2022-03-22 12:37:15,12.84533036,77.66111438,4,865.532,,1.080,259,39,49,,
T,2022-03-22 12:37:16,12.84532419,77.66109753,4,865.522,,1.700,260,38,49,,
T,2022-03-22 12:37:17,12.84531670,77.66108809,4,865.506,,0.000,,36,49,,
T,2022-03-22 12:37:18,12.84531297,77.66108283,4,864.939,,0.650,260,35,49,,
T,2022-03-22 12:37:19,12.84530926,77.66107606,4,863.676,,0.640,260,35,49,,
T,2022-03-22 12:37:20,12.84530637,77.66107310,4,864.213,,0.000,,33,49,,
T,2022-03-22 12:37:21,12.84530458,77.66106484,4,864.754,,0.850,260,29,49,,
T,2022-03-22 12:37:22,12.84530182,77.66105532,4,864.828,,0.630,260,33,49,,
T,2022-03-22 12:37:23,12.84529867,77.66104714,4,864.082,,0.770,234,34,49,,
T,2022-03-22 12:37:24,12.84529480,77.66103660,4,863.797,,0.880,234,34,49,,
T,2022-03-22 12:37:25,12.84529014,77.66102538,4,863.875,,0.830,234,36,49,,
T,2022-03-22 12:37:26,12.84528629,77.66101558,4,862.908,,0.730,250,36,49,,
T,2022-03-22 12:37:27,12.84528252,77.66100506,4,862.646,,0.740,251,36,49,,
T,2022-03-22 12:37:28,12.84527918,77.66099531,4,862.716,,0.680,251,35,49,,
T,2022-03-22 12:37:29,12.84527610,77.66098768,4,861.636,,0.420,251,34,49,,
T,2022-03-22 12:37:30,12.84527261,77.66097991,4,861.026,,0.700,251,34,49,,
T,2022-03-22 12:37:31,12.84526813,77.66097231,4,860.667,,0.580,250,34,49,,
T,2022-03-22 12:37:32,12.84526345,77.66096129,4,860.349,,1.380,250,33,49,,
T,2022-03-22 12:37:33,12.84525832,77.66094982,4,859.438,,0.870,250,33,49,,
T,2022-03-22 12:37:34,12.84525410,77.66094094,4,859.103,,0.760,250,31,49,,
T,2022-03-22 12:37:35,12.84524799,77.66093589,4,858.575,,0.000,,29,49,,
T,2022-03-22 12:37:36,12.84524321,77.66092316,4,858.742,,1.940,258,29,49,,
T,2022-03-22 12:37:37,12.84523974,77.66090741,4,858.617,,1.170,259,29,49,,
T,2022-03-22 12:37:38,12.84523764,77.66089543,4,858.580,,1.220,259,29,49,,
T,2022-03-22 12:37:39,12.84523492,77.66088335,4,858.755,,1.300,254,29,49,,
T,2022-03-22 12:37:40,12.84523262,77.66087352,4,858.313,,0.860,259,29,49,,
T,2022-03-22 12:37:41,12.84522994,77.66086291,4,857.942,,1.300,259,28,49,,
T,2022-03-22 12:37:42,12.84522690,77.66085071,4,857.918,,1.180,259,29,49,,
T,2022-03-22 12:37:43,12.84522433,77.66083792,4,858.205,,1.330,254,30,49,,
T,2022-03-22 12:37:44,12.84522187,77.66082547,4,857.523,,0.880,257,30,49,,
T,2022-03-22 12:37:45,12.84522002,77.66081131,4,857.781,,1.440,259,30,48,,
T,2022-03-22 12:37:46,12.84521761,77.66079638,4,857.973,,1.140,256,31,49,,
T,2022-03-22 12:37:47,12.84521690,77.66078260,4,858.657,,0.950,257,31,49,,
T,2022-03-22 12:37:48,12.84521792,77.66077379,4,858.572,,0.400,257,32,49,,
T,2022-03-22 12:37:49,12.84522364,77.66076858,4,857.984,,0.000,,33,49,,
T,2022-03-22 12:37:50,12.84522423,77.66076367,4,857.619,,0.440,257,33,49,,
T,2022-03-22 12:37:51,12.84522373,77.66075599,4,858.656,,0.430,257,33,49,,
T,2022-03-22 12:37:52,12.84522151,77.66074782,4,859.321,,0.550,257,34,49,,
T,2022-03-22 12:37:53,12.84521734,77.66073576,4,858.979,,1.230,248,35,49,,
T,2022-03-22 12:37:54,12.84521282,77.66072491,4,859.001,,0.730,248,34,49,,
T,2022-03-22 12:37:55,12.84520931,77.66071686,4,858.780,,0.730,245,33,49,,
T,2022-03-22 12:37:56,12.84520687,77.66071223,4,858.668,,0.000,,33,48,,
T,2022-03-22 12:37:57,12.84520458,77.66070608,4,857.948,,0.750,244,34,48,,
T,2022-03-22 12:37:58,12.84520102,77.66069472,4,857.615,,0.940,244,33,48,,
T,2022-03-22 12:37:59,12.84519786,77.66068365,4,857.883,,0.810,244,32,48,,
T,2022-03-22 12:38:00,12.84519576,77.66067233,4,857.689,,0.920,267,32,48,,
T,2022-03-22 12:38:01,12.84519268,77.66065984,4,857.148,,1.050,258,32,48,,
T,2022-03-22 12:38:02,12.84519039,77.66064970,4,857.039,,0.540,267,32,48,,
T,2022-03-22 12:38:03,12.84518775,77.66064131,4,857.705,,0.710,267,32,48,,
T,2022-03-22 12:38:04,12.84518347,77.66062923,4,857.207,,1.380,251,33,48,,
T,2022-03-22 12:38:05,12.84517846,77.66061692,4,856.786,,0.930,267,34,48,,
T,2022-03-22 12:38:06,12.84517278,77.66060515,4,856.813,,0.940,266,34,48,,
T,2022-03-22 12:38:07,12.84516862,77.66059598,4,856.688,,0.580,266,34,48,,
T,2022-03-22 12:38:08,12.84516533,77.66058757,4,856.937,,0.810,253,33,48,,
T,2022-03-22 12:38:09,12.84516130,77.66057748,4,856.932,,0.910,252,33,49,,
T,2022-03-22 12:38:10,12.84515775,77.66056698,4,856.929,,0.900,253,33,48,,
T,2022-03-22 12:38:11,12.84515348,77.66055913,4,856.878,,0.000,,33,49,,
T,2022-03-22 12:38:12,12.84514888,77.66054783,4,856.265,,1.490,252,34,49,,
T,2022-03-22 12:38:13,12.84514432,77.66053464,4,856.739,,1.020,251,33,49,,
T,2022-03-22 12:38:14,12.84514035,77.66052462,4,856.484,,1.010,252,33,49,,
T,2022-03-22 12:38:15,12.84513615,77.66051489,4,855.852,,1.000,252,33,49,,
T,2022-03-22 12:38:16,12.84513449,77.66051091,4,855.519,,0.000,,32,49,,
T,2022-03-22 12:38:17,12.84513493,77.66051027,4,855.658,,0.000,,32,49,,
T,2022-03-22 12:38:18,12.84513252,77.66049843,4,855.339,,1.710,253,31,49,,
T,2022-03-22 12:38:19,12.84513000,77.66048454,4,856.272,,1.000,260,30,49,,
T,2022-03-22 12:38:20,12.84512791,77.66047218,4,855.824,,1.370,258,30,49,,
T,2022-03-22 12:38:21,12.84512522,77.66046116,4,855.560,,0.920,259,30,48,,
T,2022-03-22 12:38:22,12.84512479,77.66045509,4,855.947,,0.300,260,31,48,,
T,2022-03-22 12:38:23,12.84512592,77.66045004,4,855.508,,0.420,260,28,47,,
T,2022-03-22 12:38:24,12.84512967,77.66044307,4,855.375,,0.710,260,28,47,,
T,2022-03-22 12:38:25,12.84513840,77.66043417,4,855.004,,1.360,326,32,49,,
T,2022-03-22 12:38:26,12.84514364,77.66042679,4,855.173,,0.510,326,33,49,,
T,2022-03-22 12:38:27,12.84514222,77.66041999,4,855.516,,0.720,326,35,49,,
T,2022-03-22 12:38:28,12.84513570,77.66041290,4,855.947,,0.850,326,35,49,,
T,2022-03-22 12:38:29,12.84512160,77.66040525,4,855.140,,1.490,326,35,49,,
T,2022-03-22 12:38:30,12.84511169,77.66040005,4,855.169,,0.420,326,36,49,,
T,2022-03-22 12:38:31,12.84510510,77.66039393,4,855.364,,0.960,248,36,49,,
T,2022-03-22 12:38:32,12.84509983,77.66038603,4,856.511,,0.710,248,36,49,,
T,2022-03-22 12:38:33,12.84509692,77.66037904,4,857.137,,0.650,249,35,49,,
T,2022-03-22 12:38:34,12.84509279,77.66037048,4,857.667,,0.640,248,35,49,,
T,2022-03-22 12:38:35,12.84508912,77.66036117,4,857.159,,0.720,248,37,49,,
T,2022-03-22 12:38:36,12.84508461,77.66034864,4,857.302,,1.390,250,37,49,,
T,2022-03-22 12:38:37,12.84507918,77.66033572,4,856.854,,1.030,250,37,49,,
T,2022-03-22 12:38:38,12.84507268,77.66032336,4,856.893,,1.020,250,37,49,,
T,2022-03-22 12:38:39,12.84506409,77.66030991,4,856.879,,0.000,,36,49,,
T,2022-03-22 12:38:40,12.84505907,77.66030030,4,856.653,,0.790,250,36,49,,
T,2022-03-22 12:38:41,12.84505395,77.66028873,4,855.969,,0.910,250,34,49,,
T,2022-03-22 12:38:42,12.84504821,77.66027826,4,855.156,,0.920,250,34,49,,
T,2022-03-22 12:38:43,12.84504180,77.66026475,4,855.100,,1.570,247,33,49,,
T,2022-03-22 12:38:44,12.84503268,77.66025283,4,854.701,,1.150,205,31,49,,
T,2022-03-22 12:38:45,12.84502411,77.66024662,4,855.185,,0.740,204,32,49,,
T,2022-03-22 12:38:46,12.84501702,77.66024548,4,855.403,,0.660,204,33,49,,
T,2022-03-22 12:38:47,12.84500886,77.66024616,4,855.348,,0.750,204,37,49,,
T,2022-03-22 12:38:48,12.84500026,77.66024619,4,855.827,,0.710,204,37,49,,
T,2022-03-22 12:38:49,12.84499185,77.66024688,4,856.371,,0.710,204,37,49,,
T,2022-03-22 12:38:50,12.84498179,77.66024764,4,856.868,,0.830,204,37,49,,
T,2022-03-22 12:38:51,12.84497319,77.66024704,4,857.568,,0.490,204,37,49,,
T,2022-03-22 12:38:52,12.84496581,77.66024642,4,857.891,,0.570,204,37,49,,
T,2022-03-22 12:38:53,12.84495659,77.66024666,4,857.737,,0.670,204,36,48,,
T,2022-03-22 12:38:54,12.84494695,77.66024813,4,858.379,,0.710,204,36,48,,
T,2022-03-22 12:38:55,12.84493761,77.66025045,4,858.843,,0.700,204,37,48,,
T,2022-03-22 12:38:56,12.84492811,77.66025337,4,858.966,,0.850,204,37,48,,
T,2022-03-22 12:38:57,12.84491897,77.66025473,4,858.482,,0.510,204,37,48,,
T,2022-03-22 12:38:58,12.84491026,77.66025500,4,857.432,,0.560,204,38,48,,
T,2022-03-22 12:38:59,12.84490026,77.66025610,4,857.238,,0.700,204,38,48,,
T,2022-03-22 12:39:00,12.84489146,77.66025753,4,857.874,,0.420,204,38,48,,
T,2022-03-22 12:39:01,12.84488456,77.66026084,4,857.526,,0.520,139,38,48,,
T,2022-03-22 12:39:02,12.84487722,77.66026473,4,857.455,,0.650,139,38,48,,
T,2022-03-22 12:39:03,12.84486816,77.66026760,4,857.782,,0.660,140,38,48,,
T,2022-03-22 12:39:04,12.84485856,77.66026972,4,857.696,,0.770,140,38,48,,
T,2022-03-22 12:39:05,12.84484822,77.66027248,4,858.504,,0.670,140,36,48,,
T,2022-03-22 12:39:06,12.84483891,77.66027488,4,858.887,,0.660,140,35,48,,
T,2022-03-22 12:39:07,12.84482869,77.66027577,4,858.913,,0.540,140,33,48,,
T,2022-03-22 12:39:08,12.84481894,77.66027454,4,859.142,,0.540,141,36,48,,
T,2022-03-22 12:39:09,12.84480708,77.66027203,4,859.410,,0.810,141,37,48,,
T,2022-03-22 12:39:10,12.84479296,77.66027001,4,859.397,,0.820,141,37,48,,
T,2022-03-22 12:39:11,12.84477982,77.66026809,4,860.299,,0.750,141,38,48,,
T,2022-03-22 12:39:12,12.84476633,77.66026655,4,860.468,,0.870,177,38,48,,
T,2022-03-22 12:39:13,12.84475327,77.66026504,4,859.814,,0.800,177,38,48,,
T,2022-03-22 12:39:14,12.84474198,77.66026480,4,860.037,,0.560,176,39,48,,
T,2022-03-22 12:39:15,12.84473062,77.66026531,4,859.199,,0.780,176,39,48,,
T,2022-03-22 12:39:16,12.84472013,77.66026637,4,859.008,,0.600,176,39,48,,
T,2022-03-22 12:39:17,12.84471051,77.66026822,4,858.932,,0.670,176,39,48,,
T,2022-03-22 12:39:18,12.84469948,77.66026982,4,858.885,,0.700,176,39,48,,
T,2022-03-22 12:39:19,12.84468865,77.66027107,4,858.176,,0.840,176,39,48,,
T,2022-03-22 12:39:20,12.84467805,77.66027182,4,857.758,,0.730,176,38,48,,
T,2022-03-22 12:39:21,12.84466705,77.66027209,4,857.741,,0.860,176,37,48,,
T,2022-03-22 12:39:22,12.84465741,77.66027318,4,857.709,,0.560,176,37,47,,
T,2022-03-22 12:39:23,12.84464693,77.66027619,4,857.199,,0.790,176,37,47,,
T,2022-03-22 12:39:24,12.84463572,77.66027975,4,857.413,,0.670,176,37,47,,
T,2022-03-22 12:39:25,12.84462612,77.66028196,4,857.284,,0.610,176,37,47,,
T,2022-03-22 12:39:26,12.84461803,77.66028328,4,856.551,,0.400,176,37,47,,
T,2022-03-22 12:39:27,12.84460920,77.66028376,4,856.904,,0.510,176,37,47,,
T,2022-03-22 12:39:28,12.84459852,77.66028313,4,857.321,,0.820,200,37,47,,
T,2022-03-22 12:39:29,12.84458697,77.66028251,4,857.289,,0.820,199,35,47,,
T,2022-03-22 12:39:30,12.84457660,77.66028245,4,858.008,,0.750,199,34,47,,
T,2022-03-22 12:39:31,12.84456691,77.66028372,4,857.862,,0.800,199,34,47,,
T,2022-03-22 12:39:32,12.84455794,77.66028617,4,857.802,,0.700,199,34,47,,
T,2022-03-22 12:39:33,12.84454923,77.66028818,4,857.677,,0.740,199,34,47,,
T,2022-03-22 12:39:34,12.84454043,77.66029021,4,857.744,,0.780,199,33,47,,
T,2022-03-22 12:39:35,12.84453159,77.66029229,4,857.688,,0.760,199,33,47,,
T,2022-03-22 12:39:36,12.84452068,77.66029326,4,857.550,,0.950,199,33,47,,
T,2022-03-22 12:39:37,12.84450885,77.66029436,4,858.255,,0.620,199,29,47,,
T,2022-03-22 12:39:38,12.84449697,77.66029568,4,857.662,,0.810,199,32,47,,
T,2022-03-22 12:39:39,12.84448282,77.66029478,4,857.842,,0.790,199,33,47,,
T,2022-03-22 12:39:40,12.84446916,77.66029329,4,857.845,,0.960,199,34,47,,
T,2022-03-22 12:39:41,12.84445772,77.66029241,4,857.821,,0.680,199,33,46,,
T,2022-03-22 12:39:42,12.84444844,77.66029059,4,857.252,,0.640,199,33,46,,
T,2022-03-22 12:39:43,12.84443972,77.66028940,4,856.692,,0.710,199,34,47,,
T,2022-03-22 12:39:44,12.84442882,77.66028932,4,855.873,,1.140,174,33,47,,
T,2022-03-22 12:39:45,12.84441614,77.66029079,4,856.423,,1.100,175,33,47,,
T,2022-03-22 12:39:46,12.84440418,77.66029359,4,855.426,,1.030,174,31,47,,
T,2022-03-22 12:39:47,12.84439281,77.66029566,4,854.780,,0.870,183,31,47,,
T,2022-03-22 12:39:48,12.84438139,77.66029723,4,854.419,,0.850,183,31,47,,
T,2022-03-22 12:39:49,12.84436980,77.66029883,4,854.928,,0.570,183,32,47,,
T,2022-03-22 12:39:50,12.84435985,77.66030036,4,854.741,,0.690,177,33,47,,
T,2022-03-22 12:39:51,12.84434897,77.66030307,4,854.419,,0.840,177,32,47,,
T,2022-03-22 12:39:52,12.84433613,77.66030696,4,854.359,,1.240,177,32,47,,
T,2022-03-22 12:39:53,12.84432345,77.66031020,4,854.616,,0.950,179,32,47,,
T,2022-03-22 12:39:54,12.84431292,77.66031197,4,854.410,,0.900,180,32,47,,
T,2022-03-22 12:39:55,12.84430322,77.66031319,4,854.444,,0.780,180,32,47,,
T,2022-03-22 12:39:56,12.84429311,77.66031671,4,856.071,,0.680,179,32,47,,
T,2022-03-22 12:39:57,12.84428262,77.66031930,4,856.689,,0.710,179,33,47,,
T,2022-03-22 12:39:58,12.84427048,77.66032128,4,855.561,,1.140,179,33,47,,
T,2022-03-22 12:39:59,12.84425923,77.66032295,4,855.817,,0.840,179,33,47,,
T,2022-03-22 12:40:00,12.84424854,77.66032422,4,855.399,,0.920,179,33,47,,
T,2022-03-22 12:40:01,12.84423863,77.66032551,4,855.360,,0.670,179,33,47,,
T,2022-03-22 12:40:02,12.84422894,77.66032598,4,854.878,,0.880,179,33,47,,
T,2022-03-22 12:40:03,12.84421863,77.66032598,4,854.677,,0.770,179,32,47,,
T,2022-03-22 12:40:04,12.84420921,77.66032550,4,854.736,,0.750,179,31,47,,
T,2022-03-22 12:40:05,12.84419932,77.66032407,4,854.494,,0.910,206,32,47,,
T,2022-03-22 12:40:06,12.84418919,77.66032234,4,853.696,,0.770,206,32,47,,
T,2022-03-22 12:40:07,12.84418220,77.66032173,4,853.622,,0.000,,32,47,,
T,2022-03-22 12:40:08,12.84417732,77.66032210,4,853.125,,0.480,206,32,47,,
T,2022-03-22 12:40:09,12.84417384,77.66032159,4,853.469,,0.000,,32,47,,
T,2022-03-22 12:40:10,12.84416264,77.66032268,4,853.003,,1.710,175,32,47,,
T,2022-03-22 12:40:11,12.84415138,77.66032377,4,853.390,,0.730,177,31,47,,
T,2022-03-22 12:40:12,12.84414382,77.66032459,4,852.980,,0.840,177,31,47,,
T,2022-03-22 12:40:13,12.84413862,77.66032621,4,852.768,,0.310,177,31,47,,
T,2022-03-22 12:40:14,12.84413487,77.66032902,4,852.758,,0.400,177,31,47,,
T,2022-03-22 12:40:15,12.84412718,77.66033075,4,852.769,,0.880,177,31,47,,
T,2022-03-22 12:40:16,12.84411654,77.66033201,4,853.041,,0.920,177,31,47,,
T,2022-03-22 12:40:17,12.84410610,77.66033136,4,851.576,,0.750,176,32,47,,
T,2022-03-22 12:40:18,12.84409751,77.66033083,4,851.822,,0.560,177,32,47,,
T,2022-03-22 12:40:19,12.84408921,77.66033076,4,852.221,,0.640,176,33,47,,
T,2022-03-22 12:40:20,12.84408048,77.66033130,4,852.369,,0.620,176,33,47,,
T,2022-03-22 12:40:21,12.84407190,77.66033325,4,852.115,,0.500,176,33,47,,
T,2022-03-22 12:40:22,12.84406200,77.66033588,4,852.479,,0.890,176,33,47,,
T,2022-03-22 12:40:23,12.84405132,77.66033753,4,851.774,,0.700,176,32,47,,
T,2022-03-22 12:40:24,12.84404141,77.66033957,4,852.135,,0.660,176,31,46,,
T,2022-03-22 12:40:25,12.84403120,77.66034146,4,852.138,,0.730,176,31,46,,
T,2022-03-22 12:40:26,12.84402157,77.66034300,4,851.786,,0.710,175,30,47,,
T,2022-03-22 12:40:27,12.84401244,77.66034506,4,852.163,,0.540,174,32,47,,
T,2022-03-22 12:40:28,12.84400334,77.66034723,4,851.699,,0.540,174,33,47,,
T,2022-03-22 12:40:29,12.84399387,77.66034889,4,851.857,,0.670,174,33,47,,
T,2022-03-22 12:40:30,12.84398241,77.66035024,4,852.110,,0.860,174,33,47,,
T,2022-03-22 12:40:31,12.84397102,77.66035138,4,851.609,,0.740,174,33,47,,
T,2022-03-22 12:40:32,12.84396163,77.66035435,4,852.296,,0.530,174,33,47,,
T,2022-03-22 12:40:33,12.84395227,77.66035677,4,852.077,,0.740,174,32,47,,
T,2022-03-22 12:40:34,12.84394321,77.66036222,4,852.551,,0.000,,32,47,,
T,2022-03-22 12:40:35,12.84393586,77.66036269,4,852.316,,0.760,196,31,47,,
T,2022-03-22 12:40:36,12.84392738,77.66036230,4,852.882,,0.340,196,32,47,,
T,2022-03-22 12:40:37,12.84392062,77.66036142,4,852.787,,0.330,195,32,47,,
T,2022-03-22 12:40:38,12.84391156,77.66035920,4,852.654,,0.830,195,32,47,,
T,2022-03-22 12:40:39,12.84389956,77.66035761,4,853.347,,0.650,195,32,47,,
T,2022-03-22 12:40:40,12.84388777,77.66035746,4,853.903,,0.490,195,32,47,,
T,2022-03-22 12:40:41,12.84387665,77.66035922,4,854.595,,0.700,195,35,47,,
T,2022-03-22 12:40:42,12.84386485,77.66036291,4,855.796,,0.650,194,35,47,,
T,2022-03-22 12:40:43,12.84385159,77.66036714,4,855.228,,0.750,194,35,47,,
T,2022-03-22 12:40:44,12.84383821,77.66036951,4,855.309,,0.610,194,35,47,,
T,2022-03-22 12:40:45,12.84382290,77.66036976,4,855.060,,0.910,194,35,47,,
T,2022-03-22 12:40:46,12.84380846,77.66037028,4,856.648,,0.750,194,35,47,,
T,2022-03-22 12:40:47,12.84379159,77.66036907,4,856.704,,1.480,186,34,47,,
T,2022-03-22 12:40:48,12.84377580,77.66036731,4,856.736,,0.850,194,33,46,,
T,2022-03-22 12:40:49,12.84376271,77.66036542,4,857.219,,1.080,187,33,46,,
T,2022-03-22 12:40:50,12.84375297,77.66036312,4,857.250,,0.420,194,33,46,,
T,2022-03-22 12:40:51,12.84374482,77.66036116,4,856.872,,0.440,194,32,47,,
T,2022-03-22 12:40:52,12.84373773,77.66035941,4,856.992,,0.370,194,34,47,,
T,2022-03-22 12:40:53,12.84372961,77.66035851,4,856.755,,0.640,194,33,47,,
T,2022-03-22 12:40:54,12.84371975,77.66035659,4,857.193,,0.720,194,33,47,,
T,2022-03-22 12:40:55,12.84370704,77.66035400,4,857.156,,0.700,194,33,47,,
T,2022-03-22 12:40:56,12.84369470,77.66035208,4,858.763,,0.710,193,34,47,,
T,2022-03-22 12:40:57,12.84368522,77.66035306,4,858.730,,0.330,193,34,47,,
T,2022-03-22 12:40:58,12.84367604,77.66035553,4,859.022,,0.500,193,34,47,,
T,2022-03-22 12:40:59,12.84366551,77.66035868,4,859.567,,0.650,193,34,48,,
T,2022-03-22 12:41:00,12.84365440,77.66036242,4,860.862,,0.510,193,36,48,,
T,2022-03-22 12:41:01,12.84364330,77.66036565,4,860.915,,0.820,176,36,48,,
T,2022-03-22 12:41:02,12.84363116,77.66036875,4,860.642,,0.800,175,36,48,,
T,2022-03-22 12:41:03,12.84362186,77.66037246,4,860.254,,0.450,193,36,48,,
T,2022-03-22 12:41:04,12.84361304,77.66037647,4,860.016,,0.810,162,36,48,,
T,2022-03-22 12:41:05,12.84360416,77.66038047,4,859.884,,0.490,193,36,48,,
T,2022-03-22 12:41:06,12.84359509,77.66038224,4,859.740,,0.490,193,36,48,,
T,2022-03-22 12:41:07,12.84358485,77.66038419,4,859.183,,0.670,173,36,48,,
T,2022-03-22 12:41:08,12.84357320,77.66038540,4,859.579,,0.590,173,36,48,,
T,2022-03-22 12:41:09,12.84356397,77.66038737,4,858.921,,0.410,138,36,48,,
T,2022-03-22 12:41:10,12.84355660,77.66038867,4,857.894,,0.330,138,36,48,,
T,2022-03-22 12:41:11,12.84354781,77.66038958,4,857.587,,0.760,138,35,48,,
T,2022-03-22 12:41:12,12.84353767,77.66039079,4,857.386,,0.780,164,34,48,,
T,2022-03-22 12:41:13,12.84352690,77.66039290,4,857.390,,0.940,164,35,48,,
T,2022-03-22 12:41:14,12.84351556,77.66039592,4,858.003,,0.980,164,35,48,,
T,2022-03-22 12:41:15,12.84350456,77.66039932,4,858.080,,0.920,164,35,48,,
T,2022-03-22 12:41:16,12.84348903,77.66039994,4,858.471,,1.860,186,35,48,,
T,2022-03-22 12:41:17,12.84346486,77.66039946,4,857.997,,2.680,184,36,48,,
T,2022-03-22 12:41:18,12.84343873,77.66040112,4,857.128,,2.300,178,36,48,,
T,2022-03-22 12:41:19,12.84341557,77.66040802,4,857.676,,2.350,155,36,48,,
T,2022-03-22 12:41:20,12.84339734,77.66041509,4,857.340,,1.560,163,36,48,,
T,2022-03-22 12:41:21,12.84338520,77.66041975,4,857.896,,0.870,163,36,48,,
T,2022-03-22 12:41:22,12.84337367,77.66042233,4,858.391,,1.260,174,36,48,,
T,2022-03-22 12:41:23,12.84335941,77.66042349,4,858.423,,1.280,183,35,48,,
T,2022-03-22 12:41:24,12.84334506,77.66042516,4,858.966,,1.260,178,34,48,,
T,2022-03-22 12:41:25,12.84333239,77.66042613,4,859.251,,1.030,175,33,48,,
T,2022-03-22 12:41:26,12.84331995,77.66042688,4,859.260,,1.170,175,32,48,,
T,2022-03-22 12:41:27,12.84330765,77.66042732,4,858.741,,1.050,185,32,48,,
T,2022-03-22 12:41:28,12.84329604,77.66042758,4,858.437,,0.910,185,32,47,,
T,2022-03-22 12:41:29,12.84328483,77.66042760,4,857.926,,0.850,185,32,47,,
T,2022-03-22 12:41:30,12.84327488,77.66042723,4,858.008,,0.810,188,32,47,,
T,2022-03-22 12:41:31,12.84326394,77.66042705,4,857.564,,0.940,188,32,48,,
T,2022-03-22 12:41:32,12.84325206,77.66042606,4,857.452,,1.050,188,33,48,,
T,2022-03-22 12:41:33,12.84324097,77.66042437,4,857.288,,0.790,188,33,48,,
T,2022-03-22 12:41:34,12.84323102,77.66042209,4,857.538,,0.740,188,33,48,,
T,2022-03-22 12:41:35,12.84322106,77.66041997,4,857.543,,0.860,188,32,48,,
T,2022-03-22 12:41:36,12.84321056,77.66041881,4,857.197,,0.910,188,32,48,,
T,2022-03-22 12:41:37,12.84319908,77.66041811,4,857.422,,1.090,180,32,48,,
T,2022-03-22 12:41:38,12.84318735,77.66041837,4,857.353,,1.030,174,32,48,,
T,2022-03-22 12:41:39,12.84317721,77.66041883,4,857.266,,0.800,188,32,48,,
T,2022-03-22 12:41:40,12.84316767,77.66042044,4,857.204,,0.950,188,32,48,,
T,2022-03-22 12:41:41,12.84315775,77.66042104,4,856.880,,1.000,185,32,48,,
T,2022-03-22 12:41:42,12.84314812,77.66042039,4,856.855,,0.990,185,31,48,,
T,2022-03-22 12:41:43,12.84313929,77.66041975,4,856.497,,0.810,185,30,48,,
T,2022-03-22 12:41:44,12.84312918,77.66041782,4,856.523,,1.190,185,29,47,,
T,2022-03-22 12:41:45,12.84311826,77.66041807,4,856.410,,1.120,168,27,47,,
T,2022-03-22 12:41:46,12.84310780,77.66041989,4,856.782,,0.970,168,27,47,,
T,2022-03-22 12:41:47,12.84309701,77.66042298,4,856.833,,1.180,168,27,47,,
T,2022-03-22 12:41:48,12.84308595,77.66042610,4,857.090,,1.120,168,27,47,,
T,2022-03-22 12:41:49,12.84307514,77.66042903,4,856.498,,1.120,168,27,47,,
T,2022-03-22 12:41:50,12.84306374,77.66043236,4,857.284,,1.170,173,27,47,,
T,2022-03-22 12:41:51,12.84305201,77.66043450,4,857.389,,1.060,173,27,47,,
T,2022-03-22 12:41:52,12.84304131,77.66043549,4,857.965,,1.010,181,26,47,,
T,2022-03-22 12:41:53,12.84303064,77.66043525,4,857.722,,1.020,181,25,47,,
T,2022-03-22 12:41:54,12.84301902,77.66043567,4,858.330,,1.160,175,25,47,,
T,2022-03-22 12:41:55,12.84300679,77.66043704,4,858.339,,1.090,174,26,47,,
T,2022-03-22 12:41:56,12.84299525,77.66043860,4,858.120,,1.090,175,26,46,,
T,2022-03-22 12:41:57,12.84298456,77.66044075,4,858.310,,1.010,175,26,46,,
T,2022-03-22 12:41:58,12.84297334,77.66044499,4,857.913,,1.220,175,25,46,,
T,2022-03-22 12:41:59,12.84296124,77.66044853,4,858.653,,1.150,175,24,46,,
T,2022-03-22 12:42:00,12.84295226,77.66045012,4,858.228,,0.460,175,24,45,,
T,2022-03-22 12:42:01,12.84294211,77.66045118,4,858.265,,1.220,168,26,46,,
T,2022-03-22 12:42:02,12.84292985,77.66045228,4,858.666,,1.020,168,26,46,,
T,2022-03-22 12:42:03,12.84291823,77.66045552,4,858.839,,1.300,165,26,46,,
T,2022-03-22 12:42:04,12.84290784,77.66045836,4,859.010,,0.860,165,26,46,,
T,2022-03-22 12:42:05,12.84289678,77.66046234,4,858.995,,1.460,162,25,45,,
T,2022-03-22 12:42:06,12.84288396,77.66046568,4,859.212,,1.250,163,26,46,,
T,2022-03-22 12:42:07,12.84287292,77.66046737,4,858.796,,1.080,170,25,46,,
T,2022-03-22 12:42:08,12.84286167,77.66046740,4,858.957,,1.190,177,25,45,,
T,2022-03-22 12:42:09,12.84285038,77.66046691,4,859.090,,1.050,176,25,46,,
T,2022-03-22 12:42:10,12.84283835,77.66046751,4,859.216,,1.280,176,25,45,,
T,2022-03-22 12:42:11,12.84282498,77.66046918,4,859.406,,1.360,171,25,45,,
T,2022-03-22 12:42:12,12.84281258,77.66047204,4,859.501,,1.130,167,25,45,,
T,2022-03-22 12:42:13,12.84280182,77.66047323,4,859.617,,0.960,167,26,45,,
T,2022-03-22 12:42:14,12.84279115,77.66047435,4,859.015,,1.180,172,26,45,,
T,2022-03-22 12:42:15,12.84277829,77.66047454,4,858.583,,1.270,172,26,45,,
T,2022-03-22 12:42:16,12.84276551,77.66047530,4,858.713,,1.130,173,26,45,,
T,2022-03-22 12:42:17,12.84275492,77.66047667,4,858.716,,0.900,173,25,46,,
T,2022-03-22 12:42:18,12.84274494,77.66047794,4,859.997,,1.020,173,27,45,,
T,2022-03-22 12:42:19,12.84273436,77.66047977,4,859.775,,1.030,173,27,46,,
T,2022-03-22 12:42:20,12.84272365,77.66048185,4,860.086,,1.030,173,26,46,,
T,2022-03-22 12:42:21,12.84271334,77.66048393,4,859.271,,0.920,173,26,45,,
T,2022-03-22 12:42:22,12.84270366,77.66048679,4,859.510,,0.910,173,27,45,,
T,2022-03-22 12:42:23,12.84269341,77.66049227,4,858.900,,1.270,154,28,45,,
T,2022-03-22 12:42:24,12.84268106,77.66049758,4,859.724,,1.330,165,27,46,,
T,2022-03-22 12:42:25,12.84266933,77.66050102,4,859.523,,0.960,173,27,46,,
T,2022-03-22 12:42:26,12.84265947,77.66050313,4,858.994,,0.730,173,26,46,,
T,2022-03-22 12:42:27,12.84264933,77.66050492,4,858.458,,1.140,176,26,46,,
T,2022-03-22 12:42:28,12.84263847,77.66050657,4,858.335,,0.820,173,28,46,,
T,2022-03-22 12:42:29,12.84262692,77.66050684,4,858.035,,1.170,190,29,46,,
T,2022-03-22 12:42:30,12.84261321,77.66050487,4,857.930,,1.340,191,29,45,,
T,2022-03-22 12:42:31,12.84260090,77.66050355,4,857.573,,0.970,180,29,45,,
T,2022-03-22 12:42:32,12.84258865,77.66050378,4,858.252,,1.290,182,29,45,,
T,2022-03-22 12:42:33,12.84257690,77.66050584,4,858.229,,0.950,180,30,45,,
T,2022-03-22 12:42:34,12.84256594,77.66050672,4,859.222,,1.160,180,30,45,,
T,2022-03-22 12:42:35,12.84255406,77.66050838,4,859.247,,1.160,170,31,45,,
T,2022-03-22 12:42:36,12.84254310,77.66050889,4,859.514,,0.960,171,31,45,,
T,2022-03-22 12:42:37,12.84253221,77.66051017,4,858.400,,0.910,170,31,45,,
T,2022-03-22 12:42:38,12.84252044,77.66051111,4,857.950,,0.940,170,31,45,,
T,2022-03-22 12:42:39,12.84250860,77.66051328,4,858.589,,1.080,170,31,45,,
T,2022-03-22 12:42:40,12.84249631,77.66051615,4,858.399,,1.070,170,31,45,,
T,2022-03-22 12:42:41,12.84248537,77.66051894,4,858.957,,0.900,170,31,45,,
T,2022-03-22 12:42:42,12.84247597,77.66052224,4,859.245,,0.810,170,31,45,,
T,2022-03-22 12:42:43,12.84246602,77.66052517,4,859.222,,0.900,170,31,45,,
T,2022-03-22 12:42:44,12.84245713,77.66052763,4,859.168,,0.670,170,30,45,,
T,2022-03-22 12:42:45,12.84244887,77.66052934,4,860.001,,0.710,170,30,45,,
T,2022-03-22 12:42:46,12.84243991,77.66053055,4,860.154,,0.740,170,29,45,,
T,2022-03-22 12:42:47,12.84242891,77.66053125,4,860.351,,1.180,177,29,45,,
T,2022-03-22 12:42:48,12.84241843,77.66053149,4,860.292,,0.760,176,28,45,,
T,2022-03-22 12:42:49,12.84240668,77.66053022,4,860.443,,1.320,177,28,45,,
T,2022-03-22 12:42:50,12.84239528,77.66052892,4,860.720,,0.920,159,28,45,,
T,2022-03-22 12:42:51,12.84238411,77.66052905,4,860.551,,1.220,159,28,45,,
T,2022-03-22 12:42:52,12.84237347,77.66052915,4,860.609,,0.970,187,28,45,,
T,2022-03-22 12:42:53,12.84236355,77.66053010,4,860.430,,0.940,186,28,45,,
T,2022-03-22 12:42:54,12.84235424,77.66053087,4,860.481,,0.830,186,28,45,,
T,2022-03-22 12:42:55,12.84234579,77.66053238,4,860.575,,0.830,186,28,45,,
T,2022-03-22 12:42:56,12.84233601,77.66053384,4,860.150,,0.910,186,28,45,,
T,2022-03-22 12:42:57,12.84232424,77.66053416,4,860.515,,1.130,178,28,45,,
T,2022-03-22 12:42:58,12.84231263,77.66053516,4,860.712,,1.030,177,28,45,,
T,2022-03-22 12:42:59,12.84229990,77.66053538,4,861.238,,1.400,181,28,45,,
T,2022-03-22 12:43:00,12.84228793,77.66053552,4,860.801,,0.920,174,28,45,,
T,2022-03-22 12:43:01,12.84227826,77.66053540,4,860.411,,0.920,180,28,45,,
T,2022-03-22 12:43:02,12.84226627,77.66053448,4,860.248,,1.340,178,29,45,,
T,2022-03-22 12:43:03,12.84225439,77.66053423,4,859.967,,0.990,176,29,45,,
T,2022-03-22 12:43:04,12.84224388,77.66053376,4,860.049,,0.860,176,29,45,,
T,2022-03-22 12:43:05,12.84223370,77.66053348,4,860.029,,0.910,175,29,45,,
